4 433675044 1571 31 13600 434441668 1648 31 3664 433676644 2498 31 169 434442564 2733 31 53 00020201 00116
4 433677812 1611 31 8698 434439524 1648 31 6730 433676804 2523 31 233 434442596 2749 31 198 00020199 00117
4 433674644 1545 31 12915 434442228 1698 31 3732 433676500 2519 31 340 434442468 2738 31 156 00020200 00116
4 433677364 1639 31 13658 434441956 1709 31 2954 433676756 2514 31 266 434442612 2736 31 72 00020201 00116
4 433676964 1634 31 4582 434443572 1665 31 3193 433676804 2485 31 138 434442692 2736 31 133 00020200 00117
4 433674292 1700 31 17699 434442388 1710 31 3153 433676884 2506 31 261 434442324 2728 31 80 00020199 00117
4 433679028 1839 31 10736 434443092 1779 31 2113 433676180 2519 31 220 434442756 2745 31 131 00020201 00116
4 433678212 1693 31 10826 434441444 1833 31 2581 433676724 2505 31 442 434442820 2731 31 148 00020202 00116
4 433677620 1792 31 9488 434442308 1831 31 2514 433676708 2497 31 268 434442484 2735 31 184 00020203 00116
4 433678948 1594 31 7665 434439684 1733 31 4751 433676948 2415 31 557 434442676 2647 31 110 00020202 00117
4 433677684 2121 31 3607 434441972 2185 31 1412 433676516 2575 31 326 434442468 2788 31 148 00020201 00116
4 433678164 1973 31 4203 434442020 2025 31 1741 433676564 2580 31 281 434442244 2813 31 84 00020201 00116
4 433677444 2052 31 6930 434442596 2039 31 2154 433677188 2566 31 548 434442724 2785 31 247 00020200 00117
4 433677860 2004 31 6118 434442564 2027 31 3285 433676836 2653 31 148 434442420 2885 31 107 00020201 00116
4 433677028 1962 31 9037 434442132 2082 31 2167 433677044 2652 31 235 434442372 2875 31 130 00020199 00116
4 433678932 2111 31 2822 434443412 2095 31 2061 433676740 2538 31 389 434442612 2790 31 194 00020199 00116
4 433678372 2078 31 4656 434442036 2102 31 1968 433676420 2518 31 456 434442420 2774 31 98 00020201 00116
4 433676356 2117 31 3635 434443268 2157 31 1898 433676772 2503 31 184 434442580 2749 31 158 00020200 00116
4 433676708 2022 31 3743 434441940 2126 31 1328 433676900 2518 31 319 434442724 2753 31 217 00020199 00116
4 433678036 1982 31 9650 434443204 2082 31 1640 433676516 2512 31 243 434442324 2753 31 115 00020199 00116
4 433676820 2109 31 4781 434442644 2082 31 1692 433676276 2508 31 165 434442724 2740 31 143 00020201 00116
4 433675748 2047 31 3524 434442884 2115 31 1147 433676772 2519 31 532 434442340 2760 31 142 00020200 00116
4 433678612 2059 31 6900 434442292 2095 31 1386 433676596 2486 31 284 434442756 2737 31 194 00020201 00116
4 433676180 2025 31 6230 434441588 2109 31 2227 433676468 2507 31 426 434442564 2742 31 81 00020199 00116
4 433677940 2041 31 5035 434442564 2083 31 1890 433676836 2528 31 332 434442596 2734 31 105 00020202 00116
4 433676836 1992 31 2881 434442164 2122 31 2594 433676372 2511 31 319 434442660 2735 31 110 00020200 00116
4 433676500 1980 31 4268 434442644 2101 31 2483 433677588 2481 31 509 434442532 2737 31 141 00020200 00117
4 433677524 2069 31 3625 434443364 2161 31 2734 433676164 2518 31 263 434442612 2741 31 194 00020202 00117
4 433677140 2048 31 5434 434442324 2088 31 2189 433676788 2513 31 515 434442388 2740 31 82 00020203 00116
4 433676020 2056 31 8882 434442740 2143 31 2039 433676548 2497 31 270 434442740 2750 31 183 00020201 00116
4 433677236 2081 31 4450 434441748 2122 31 2116 433677108 2468 31 404 434442596 2709 31 176 00020203 00116
4 433679252 2123 31 9185 434442788 2127 31 1730 433677172 2479 31 317 434442420 2712 31 116 00020206 00116
4 433678052 2052 31 9647 434441780 2103 31 2693 433676644 2473 31 346 434442564 2714 31 104 00020200 00116
4 433677092 1953 31 3057 434441572 2141 31 963 433676676 2470 31 228 434442564 2735 31 153 00020202 00117
4 433677460 1979 31 2772 434443460 2101 31 1246 433676404 2502 31 97 434442516 2734 31 111 00020201 00117
4 433677716 1946 31 4715 434442180 2094 31 2213 433676708 2512 31 593 434442772 2744 31 144 00020201 00116
4 433677156 2038 31 5826 434443236 2110 31 2453 433676996 2493 31 383 434442292 2723 31 109 00020199 00116
4 433677668 1997 31 4328 434442900 2096 31 1921 433676484 2512 31 123 434442644 2745 31 131 00020202 00116
4 433676260 2169 31 8013 434442356 2097 31 2581 433676628 2481 31 265 434442436 2754 31 142 00020198 00116
4 433677108 1968 31 3134 434442916 2080 31 1704 433676804 2468 31 221 434442500 2743 31 139 00020200 00117
4 433678484 2063 31 3953 434443492 2069 31 5882 433676708 2512 31 298 434442788 2745 31 103 00020203 00116
4 433677716 1985 31 4231 434442932 2103 31 2006 433676324 2494 31 317 434442692 2732 31 84 00020202 00116
4 433677940 2044 31 6191 434442468 2108 31 2812 433677172 2485 31 327 434442772 2724 31 151 00020201 00116
4 433678004 2043 31 3850 434443284 2075 31 4272 433676756 2471 31 277 434442676 2736 31 176 00020202 00116
4 433676500 2008 31 10021 434441796 2086 31 1532 433676900 2481 31 296 434442804 2730 31 247 00020202 00116
4 433677828 1953 31 4048 434443124 2060 31 2888 433676836 2467 31 348 434442340 2723 31 249 00020201 00117
4 433679188 2043 31 44512 434442580 2154 31 2277 433676676 2510 31 287 434442884 2742 31 134 00020201 00116
4 433677764 2086 31 3942 434441940 2084 31 2317 433676884 2533 31 334 434442516 2765 31 165 00020200 00116
4 433675284 1946 31 7636 434442020 1983 31 1451 433677060 2568 31 386 434442628 2829 31 151 00020202 00116
4 433678484 1868 31 4469 434442100 1879 31 2426 433676340 2599 31 162 434442436 2861 31 117 00020202 00116
4 433680132 2010 31 4259 434443028 2141 31 4875 433676836 2587 31 323 434442580 2871 31 223 00020205 00117
4 433678276 2012 31 15878 434443732 2249 31 2229 433676580 2632 31 477 434442484 2857 31 145 00020204 00116
4 433677876 2100 31 11391 434442052 2299 31 2994 433676596 2543 31 354 434442532 2810 31 389 00020203 00116
4 433677348 2051 31 14654 434443012 2155 31 3117 433676980 2558 31 424 434442436 2833 31 294 00020205 00116
4 433677444 1581 31 12636 434442052 1695 31 2916 433676868 2509 31 691 434442420 2710 31 131 00020202 00116
4 433679540 1579 31 4411 434442196 1722 31 2861 433677060 2390 31 515 434442372 2640 31 123 00020200 00116
4 433676612 1289 31 7701 434441044 1229 31 4650 433676852 2420 31 473 434442596 2679 31 165 00020204 00116
4 433677396 1291 31 14859 434441476 1336 31 4112 433676692 2551 31 416 434442324 2812 31 225 00020202 00117
4 433679188 1383 31 21712 434440180 1362 31 3154 433677124 2515 31 364 434442404 2803 31 235 00020203 00116
4 433678868 1468 31 12281 434443204 1569 31 4066 433677076 2559 31 780 434442180 2770 31 94 00020199 00116
4 433676964 1260 31 8389 434441700 1301 31 6117 433676740 2560 31 316 434442548 2831 31 131 00020202 00116
4 433675412 1231 31 12793 434441876 1149 31 4243 433676180 2461 31 266 434442772 2718 31 216 00020200 00116
4 433677028 1254 31 14088 434441124 1198 31 3497 433676724 2312 31 532 434442500 2582 31 142 00020203 00116
4 433676452 1290 31 19344 434441188 1346 31 8316 433676692 2335 31 247 434442404 2597 31 145 00020203 00116
4 433679460 1423 31 18904 434442644 1388 31 12748 433676500 2323 31 226 434442212 2587 31 128 00020202 00117
4 433679892 1404 31 17407 434441492 1551 31 4475 433676756 2493 31 238 434442516 2733 31 191 00020201 00116
4 433677764 1124 31 6036 434442500 1238 31 3292 433676804 2583 31 553 434442436 2854 31 114 00020202 00116
4 433675220 1359 31 20215 434442068 1527 31 4191 433676692 2518 31 413 434442308 2815 31 121 00020204 00116
4 433677684 1176 31 6496 434443620 1196 31 4615 433677268 2705 31 402 434442436 2983 31 179 00020205 00118
4 433675764 0953 31 12446 434443748 1112 31 6056 433676964 2749 31 277 434442372 2992 31 198 00020203 00116
4 433677492 1016 31 13648 434441156 1197 31 2707 433676772 2724 31 371 434442452 2959 31 91 00020201 00116
4 433677140 0963 31 10623 434441252 0991 31 4001 433676820 2647 31 511 434442500 2912 31 236 00020206 00116
4 433678260 1120 31 17225 434442836 1085 31 5039 433677172 2660 31 498 434442596 2957 31 127 00020203 00116
4 433679508 1700 31 15944 434441828 1698 31 3532 433677044 2514 31 333 434442484 2764 31 148 00020204 00116
4 433677556 1391 31 16037 434444084 1596 31 2467 433676420 2708 31 183 434442308 2940 31 96 00020206 00116
4 433677604 2027 31 13001 434442500 1980 31 3658 433676692 2644 31 424 434442420 2899 31 134 00020203 00116
4 433678516 2141 31 6174 434442564 1928 31 3150 433676516 2515 31 193 434442516 2754 31 148 00020201 00116
4 433676836 1270 31 13270 434441828 1357 31 8877 433676756 2693 31 605 434442708 2947 31 138 00020201 00116
4 433678244 1752 31 6392 434442180 1716 31 2844 433676660 2480 31 733 434442740 2747 31 227 00020206 00116
4 433677140 1336 31 13713 434442164 1272 31 13466 433677140 2643 31 702 434442676 2899 31 244 00020204 00116
4 433676372 1203 31 19436 434441108 1247 31 5168 433676740 2591 31 334 434442564 2882 31 189 00020203 00116
4 433678900 1454 31 19053 434442404 1517 31 2822 433676836 2520 31 392 434442452 2783 31 136 00020207 00116
4 433676484 1448 31 8026 434442196 1396 31 5362 433676884 2517 31 332 434442516 2779 31 275 00020200 00116
4 433677124 1347 31 18886 434440740 1424 31 2457 433677028 2535 31 225 434442404 2780 31 195 00020203 00116
4 433679748 1349 31 13146 434442676 1344 31 6298 433676692 2610 31 429 434442244 2879 31 112 00020204 00116
4 433679076 1360 31 12316 434444260 1444 31 4001 433676836 2566 31 382 434442356 2853 31 201 00020205 00118
4 433678148 1304 31 20755 434442612 1287 31 3977 433676740 2617 31 248 434442196 2862 31 83 00020203 00116
4 433675284 1335 31 7042 434442500 1421 31 4874 433676292 2578 31 288 434442228 2816 31 145 00020202 00116
4 433674900 1389 31 14406 434442148 1303 31 5407 433676180 2607 31 239 434442324 2820 31 115 00020201 00116
4 433676084 1330 31 12796 434442500 1403 31 4352 433676852 2518 31 383 434442324 2769 31 206 00020203 00116
4 433677780 1366 31 15309 434441364 1352 31 2472 433676900 2547 31 515 434442612 2814 31 185 00020204 00116
4 433679460 1433 31 5948 434441940 1368 31 10235 433676724 2562 31 275 434442244 2817 31 91 00020205 00116
4 433677732 1467 31 7946 434440212 1458 31 7276 433677012 2573 31 445 434442580 2823 31 106 00020206 00116
4 433679012 1444 31 14578 434439556 1461 31 3643 433676692 2584 31 418 434442372 2826 31 148 00020206 00116
4 433674228 1340 31 10157 434442692 1342 31 3803 433676756 2543 31 367 434442756 2832 31 203 00020202 00116
4 433677460 1368 31 16048 434442308 1394 31 6797 433676612 2564 31 176 434442724 2812 31 72 00020204 00116
4 433679508 1402 31 15806 434441108 1357 31 4739 433676996 2617 31 587 434442580 2838 31 128 00020203 00116
4 433678212 1539 31 9396 434442996 1347 31 2676 433676692 2559 31 263 434442372 2816 31 222 00020203 00116
4 433676836 1369 31 7965 434441348 1396 31 4915 433676580 2598 31 205 434442580 2813 31 125 00020205 00116
4 433680996 1479 31 19756 434441396 1321 31 7308 433676868 2583 31 455 434442628 2818 31 197 00020207 00116
4 433679972 1429 31 8742 434443332 1341 31 6845 433676580 2570 31 367 434442628 2808 31 218 00020204 00116
4 433676948 1368 31 12298 434440644 1409 31 5484 433676788 2557 31 344 434442500 2837 31 282 00020202 00116
4 433676708 1386 31 6306 434440356 1427 31 6971 433676212 2593 31 438 434442292 2808 31 116 00020203 00116
4 433678916 1356 31 5110 434442500 1375 31 5108 433676324 2576 31 434 434442356 2818 31 112 00020200 00116
4 433677796 1441 31 18613 434443588 1344 31 3156 433676500 2578 31 386 434442356 2817 31 235 00020202 00117
4 433678372 1349 31 14033 434440116 1386 31 7959 433676404 2579 31 223 434442260 2844 31 237 00020204 00116
4 433678804 1345 31 6659 434441828 1311 31 5991 433676852 2593 31 476 434442404 2835 31 238 00020205 00116
4 433679092 1337 31 7829 434442804 1312 31 3320 433676580 2574 31 310 434442580 2826 31 140 00020202 00117
4 433677220 1353 31 14303 434442484 1444 31 7942 433676308 2562 31 471 434442340 2822 31 76 00020204 00116
4 433674020 1354 31 10889 434441204 1367 31 3332 433676500 2571 31 484 434442116 2831 31 146 00020204 00116
4 433676548 1308 31 20021 434441668 1464 31 6302 433676484 2556 31 426 434442324 2804 31 133 00020202 00116
4 433678772 1325 31 12632 434442612 1437 31 3103 433676836 2559 31 405 434442340 2813 31 143 00020203 00116
4 433678020 1317 31 10116 434442132 1336 31 11020 433676372 2596 31 132 434442612 2821 31 226 00020202 00116
4 433677700 1390 31 9350 434442804 1348 31 3278 433676404 2568 31 136 434442452 2816 31 215 00020203 00117
4 433675268 1373 31 14784 434441780 1491 31 5480 433676820 2560 31 285 434442228 2814 31 120 00020205 00116
4 433677908 1362 31 8130 434442788 1453 31 2967 433676932 2565 31 447 434442644 2806 31 145 00020204 00116
4 433680820 1372 31 23442 434441764 1370 31 3564 433676548 2586 31 250 434442292 2834 31 273 00020204 00116
4 433678900 1372 31 17216 434441444 1327 31 4677 433676628 2602 31 260 434442692 2821 31 162 00020207 00116
4 433676868 1408 31 11656 434442228 1287 31 3893 433676324 2575 31 333 434442340 2805 31 196 00020203 00116
4 433678452 1338 31 9544 434440260 1416 31 9111 433676596 2562 31 407 434442356 2813 31 297 00020205 00116
4 433680132 1335 31 10537 434442084 1429 31 7572 433676436 2558 31 136 434442772 2796 31 137 00020203 00116
4 433678660 1412 31 13365 434441828 1352 31 4425 433677092 2542 31 367 434442692 2809 31 202 00020203 00117
4 433677060 1365 31 4949 434442292 1385 31 2501 433677108 2558 31 666 434442516 2818 31 150 00020205 00116
4 433674708 1376 31 21043 434442388 1453 31 10862 433676852 2564 31 375 434442532 2824 31 165 00020203 00116
4 433677924 1372 31 15672 434442388 1316 31 3693 433676564 2558 31 345 434442180 2813 31 116 00020204 00117
4 433676116 1350 31 12114 434440516 1355 31 16780 433676100 2563 31 215 434442564 2807 31 212 00020203 00116
4 433677108 1303 31 8166 434441924 1457 31 5034 433676484 2569 31 320 434442180 2809 31 92 00020207 00116
4 433676788 1466 31 8378 434440980 1513 31 7189 433676372 2541 31 583 434442356 2817 31 141 00020207 00116
4 433678244 1474 31 19877 434442340 1335 31 3742 433676436 2552 31 492 434442660 2793 31 223 00020205 00116
4 433679156 1337 31 9988 434442532 1427 31 8391 433676372 2546 31 237 434442420 2802 31 214 00020206 00116
4 433676660 1432 31 23781 434442788 1325 31 5478 433676868 2517 31 192 434442708 2787 31 222 00020207 00116
4 433679524 1386 31 23953 434441204 1377 31 5155 433676292 2539 31 201 434442244 2803 31 159 00020204 00116
4 433678148 1346 31 14407 434443396 1369 31 5253 433676548 2537 31 550 434442484 2802 31 192 00020205 00116
4 433678948 1383 31 18259 434442788 1471 31 6395 433676596 2570 31 276 434442660 2805 31 201 00020203 00116
4 433677124 1310 31 20866 434442164 1381 31 8117 433676452 2565 31 199 434442500 2796 31 55 00020204 00117
4 433676772 1256 31 19993 434440708 1408 31 8452 433676244 2544 31 181 434442356 2792 31 108 00020204 00116
4 433679300 1379 31 9266 434442916 1327 31 3822 433676580 2536 31 332 434442388 2801 31 224 00020205 00117
4 433677796 1371 31 24919 434442836 1352 31 6404 433676932 2536 31 367 434442772 2805 31 215 00020201 00116
4 433678676 1354 31 25882 434441396 1305 31 6383 433676420 2575 31 320 434442596 2820 31 200 00020201 00116
4 433677540 1395 31 8592 434439892 1354 31 3659 433676852 2566 31 555 434442740 2794 31 184 00020202 00116
4 433677604 1397 31 7823 434441668 1310 31 9738 433676356 2561 31 355 434442260 2808 31 93 00020204 00117
4 433676308 1339 31 9996 434440308 1335 31 3433 433676340 2555 31 82 434442516 2809 31 146 00020207 00116
4 433677044 1324 31 30956 434444036 1338 31 2454 433676308 2535 31 292 434442420 2803 31 184 00020206 00116
4 433677604 1315 31 7631 434441684 1266 31 5621 433676820 2514 31 270 434442548 2811 31 130 00020204 00116
4 433678596 1362 31 13362 434441748 1381 31 5644 433676772 2540 31 514 434442372 2819 31 272 00020206 00116
4 433676132 1352 31 14722 434441028 1426 31 4836 433676404 2579 31 397 434442260 2812 31 198 00020206 00116
4 433677956 1491 31 10411 434440836 1416 31 10705 433676420 2589 31 372 434442740 2817 31 248 00020207 00116
4 433678452 1312 31 24369 434440116 1368 31 5400 433676820 2573 31 408 434442308 2822 31 208 00020206 00116
4 433677092 1388 31 15505 434441572 1362 31 7999 433676356 2557 31 227 434442244 2802 31 179 00020204 00117
4 433678100 1457 31 11285 434441172 1407 31 7063 433676660 2540 31 479 434442564 2807 31 165 00020205 00116
4 433676548 1273 31 23333 434442564 1338 31 3846 433676980 2553 31 530 434442548 2818 31 250 00020206 00116
4 433678548 1302 31 24867 434441780 1365 31 2990 433676980 2546 31 244 434442372 2807 31 130 00020208 00116
4 433680292 1350 31 7624 434443380 1370 31 3056 433676468 2567 31 318 434442260 2812 31 166 00020204 00116
4 433678884 1382 31 10280 434444004 1307 31 2643 433676260 2559 31 267 434442740 2799 31 173 00020206 00116
4 433677140 1400 31 8733 434442180 1383 31 5813 433676932 2547 31 445 434442772 2812 31 144 00020204 00117
4 433677300 1313 31 9569 434441652 1445 31 4628 433676868 2554 31 641 434442676 2797 31 116 00020204 00116
4 433680292 1289 31 25587 434442164 1370 31 5528 433676660 2525 31 437 434442612 2802 31 190 00020207 00116
4 433677316 1329 31 7923 434443204 1358 31 4041 433676756 2571 31 584 434442436 2819 31 179 00020203 00116
4 433677588 1354 31 22149 434443316 1319 31 10605 433676868 2536 31 430 434442212 2819 31 146 00020205 00116
4 433677556 1324 31 10457 434441348 1333 31 2826 433676836 2539 31 333 434442516 2800 31 155 00020206 00116
4 433678340 1312 31 9748 434442788 1312 31 5607 433676260 2545 31 280 434442308 2801 31 100 00020208 00116
4 433678580 1364 31 9928 434442164 1269 31 4903 433676580 2569 31 343 434442516 2789 31 168 00020207 00116
4 433676836 1268 31 21335 434442468 1255 31 8213 433676180 2552 31 433 434442676 2786 31 196 00020204 00116
4 433677652 1277 31 8659 434441860 1344 31 4565 433676772 2543 31 465 434442612 2795 31 155 00020207 00116
4 433676884 1377 31 16693 434442852 1331 31 3951 433676260 2514 31 275 434442628 2779 31 180 00020207 00116
4 433679300 1411 31 19539 434440916 1411 31 17155 433676756 2526 31 193 434442420 2798 31 310 00020209 00116
4 433673492 1353 31 12220 434443108 1400 31 4362 433676484 2526 31 279 434442532 2776 31 249 00020207 00116
4 433678836 1443 31 13505 434441108 1415 31 2612 433676692 2499 31 296 434442356 2787 31 151 00020211 00117
4 433678436 1260 31 14026 434440756 1303 31 4832 433676324 2499 31 281 434442276 2769 31 161 00020206 00116
4 433675364 1186 31 19147 434443204 1249 31 3206 433676580 2529 31 483 434442692 2783 31 206 00020205 00117
4 433678708 1274 31 11700 434440532 1388 31 7867 433676420 2512 31 694 434442484 2754 31 195 00020204 00117
4 433679108 1307 31 11952 434441652 1337 31 5654 433676404 2494 31 272 434442452 2754 31 186 00020205 00116
4 433677060 1408 31 14629 434440916 1529 31 7106 433676308 2521 31 338 434442692 2792 31 141 00020207 00117
4 433676884 1235 31 8878 434442548 1281 31 9525 433676644 2525 31 573 434442260 2811 31 158 00020204 00116
4 433677860 1191 31 16241 434442260 1311 31 5770 433676804 2559 31 428 434442612 2801 31 116 00020206 00116
4 433677764 1315 31 10340 434439732 1195 31 5288 433676196 2463 31 299 434442628 2702 31 229 00020203 00116
4 433678276 1303 31 18062 434443188 1299 31 3648 433675972 2528 31 220 434442740 2744 31 235 00020205 00116
4 433676276 1508 31 11519 434440660 1563 31 5720 433676580 2523 31 445 434442692 2761 31 113 00020206 00116
4 433681540 1349 31 22357 434441732 1430 31 12023 433676068 2586 31 173 434442260 2814 31 65 00020202 00116
4 433679972 1433 31 16728 434440804 1442 31 15665 433676788 2640 31 586 434442404 2899 31 118 00020206 00117
4 433676836 1591 31 9040 434442724 1611 31 11155 433676292 2448 31 171 434442628 2717 31 109 00020205 00116
4 433677524 1564 31 11976 434442148 1616 31 9067 433676468 2514 31 342 434442484 2786 31 187 00020206 00116
4 433679380 1824 31 6666 434442516 1846 31 4350 433676644 2300 31 388 434442148 2618 31 86 00020207 00116
4 433676788 1463 31 8946 434443156 1440 31 8169 433676404 2515 31 370 434442468 2806 31 151 00020205 00116
4 433678404 1659 31 8806 434442292 1794 31 4170 433676484 2416 31 361 434442868 2661 31 244 00020205 00116
4 433677588 1380 31 11087 434443092 1349 31 4696 433676692 2246 31 423 434442388 2494 31 127 00020206 00116
4 433678852 1168 31 21449 434441460 1168 31 5213 433676772 2355 31 131 434442580 2637 31 236 00020205 00116
4 433677300 1128 31 12031 434443444 1093 31 8902 433676068 2431 31 261 434442628 2711 31 137 00020207 00118
4 433677364 0910 31 4761 434444820 1042 31 2500 433676500 2296 31 510 434442564 2576 31 150 00020207 00116
4 433674116 1290 31 16390 434443076 1348 31 8988 433676004 2242 31 239 434442452 2503 31 229 00020207 00116
4 433677140 0935 31 12102 434443012 1142 31 17600 433676676 2324 31 600 434442628 2583 31 240 00020207 00116
4 433677780 1052 31 9083 434442468 1164 31 11413 433676452 2363 31 649 434442404 2660 31 377 00020203 00116
4 433676676 1529 31 8154 434444980 1593 31 5132 433676212 2647 31 251 434442388 2908 31 162 00020206 00116
4 433678772 1687 31 14024 434442676 1680 31 4379 433676644 2520 31 358 434442356 2826 31 278 00020209 00116
4 433678852 1877 31 4470 434442468 1751 31 7477 433676692 2456 31 280 434442372 2746 31 207 00020202 00117
4 433677396 1657 31 10370 434441508 1755 31 2520 433676484 2578 31 367 434442532 2818 31 162 00020208 00116
4 433677204 1976 31 9895 434441396 1833 31 2031 433676084 2394 31 415 434442404 2640 31 246 00020207 00117
4 433676788 2212 31 4184 434442148 2228 31 1357 433676916 2575 31 572 434442612 2865 31 231 00020207 00116
4 433678756 2121 31 4902 434441124 2084 31 1560 433677012 2453 31 428 434442548 2763 31 164 00020208 00116
4 433675860 2102 31 12854 434443588 1946 31 4247 433676948 2613 31 480 434442532 2868 31 106 00020207 00117
4 433678132 1501 31 19974 434441428 1500 31 2728 433676916 2623 31 543 434442628 2876 31 227 00020210 00116
4 433679460 1601 31 13015 434442036 1583 31 2851 433676324 2511 31 247 434442276 2790 31 211 00020210 00116
4 433679076 1495 31 19599 434441876 1681 31 2877 433676468 2472 31 681 434442564 2730 31 151 00020204 00116
4 433676084 1682 31 11397 434441428 1747 31 1535 433676372 2486 31 416 434442660 2730 31 78 00020209 00116
4 433679188 1532 31 12740 434441380 1438 31 3846 433676820 2576 31 430 434442516 2826 31 84 00020209 00116
4 433677140 1535 31 7288 434441460 1584 31 3383 433676612 2568 31 479 434442404 2803 31 220 00020208 00116
4 433677060 1681 31 9144 434441268 1737 31 6115 433676372 2515 31 475 434442580 2779 31 133 00020206 00116
4 433679140 1747 31 6666 434443428 1647 31 9401 433676772 2521 31 428 434442468 2784 31 134 00020205 00116
4 433677188 1643 31 12410 434441812 1725 31 4902 433676212 2522 31 293 434442660 2768 31 118 00020209 00116
4 433678356 1589 31 25857 434442372 1414 31 3709 433676724 2528 31 252 434442452 2773 31 242 00020206 00116
4 433677924 1595 31 6704 434443380 1636 31 3456 433676372 2477 31 289 434442468 2727 31 157 00020210 00116
4 433680340 1628 31 8246 434441732 1625 31 3205 433676468 2494 31 587 434442324 2752 31 223 00020207 00117
4 433678212 1638 31 9460 434442964 1594 31 3725 433676532 2512 31 316 434442260 2766 31 121 00020209 00116
4 433676180 1643 31 25448 434440388 1595 31 2305 433676260 2523 31 373 434442292 2783 31 320 00020210 00116
4 433679092 1670 31 7656 434441028 1615 31 8335 433676564 2518 31 241 434442212 2767 31 171 00020210 00117
4 433678516 1594 31 19734 434442228 1581 31 4048 433676484 2503 31 414 434442612 2756 31 225 00020211 00116
4 433675956 1595 31 7751 434441204 1577 31 5371 433675828 2538 31 314 434442564 2752 31 220 00020211 00116
4 433677092 1551 31 6987 434441812 1605 31 6290 433676580 2525 31 801 434442356 2758 31 273 00020210 00116
4 433678580 1631 31 10976 434441620 1598 31 2303 433676340 2494 31 553 434442500 2759 31 158 00020206 00116
4 433677412 1514 31 6175 434442580 1532 31 3124 433676708 2499 31 559 434442596 2754 31 203 00020202 00117
4 433676692 1632 31 11104 434441844 1587 31 4982 433676628 2543 31 369 434442452 2796 31 123 00020206 00116
4 433678372 1665 31 10322 434441236 1552 31 2202 433676164 2520 31 235 434442692 2765 31 185 00020208 00116
4 433676948 1662 31 10960 434443348 1558 31 10319 433676628 2559 31 360 434442388 2761 31 277 00020205 00117
4 433677988 1662 31 8706 434443012 1615 31 3107 433676548 2490 31 518 434442228 2749 31 160 00020209 00118
4 433675588 1540 31 14163 434441348 1597 31 4209 433677076 2474 31 706 434442692 2730 31 119 00020209 00116
4 433677428 1549 31 6391 434442804 1532 31 5418 433676196 2493 31 369 434442452 2779 31 230 00020209 00116
4 433677988 1811 31 10261 434441300 1555 31 6219 433676356 2514 31 205 434442036 2778 31 218 00020210 00116
4 433676804 1550 31 11854 434442452 1598 31 4422 433676436 2527 31 314 434442580 2753 31 228 00020211 00116
4 433677380 1638 31 15074 434441684 1563 31 2213 433676308 2502 31 398 434442260 2755 31 163 00020205 00117
4 433676948 1623 31 7768 434441684 1644 31 2102 433676756 2500 31 232 434442548 2747 31 214 00020208 00116
4 433676724 1613 31 9374 434443156 1529 31 3118 433676260 2524 31 129 434442372 2758 31 161 00020208 00117
4 433676068 1518 31 16744 434443956 1597 31 3508 433676804 2534 31 551 434442212 2788 31 222 00020210 00116
4 433678900 1482 31 13419 434442100 1590 31 5151 433676436 2497 31 848 434442420 2766 31 155 00020210 00116
4 433676996 1577 31 6745 434441492 1475 31 1663 433676404 2514 31 521 434442116 2761 31 112 00020208 00116
4 433675220 1565 31 17609 434441876 1525 31 3817 433676564 2521 31 388 434442468 2750 31 152 00020203 00116
4 433678324 1598 31 9446 434441108 1563 31 4621 433676420 2508 31 360 434442484 2765 31 226 00020207 00116
4 433677812 1617 31 15942 434440132 1576 31 1488 433676436 2505 31 223 434442452 2765 31 193 00020210 00117
4 433676756 1559 31 13656 434442308 1561 31 3553 433676244 2539 31 321 434442228 2777 31 113 00020207 00117
4 433677604 1522 31 9023 434442196 1595 31 3988 433676132 2495 31 366 434442596 2754 31 137 00020207 00116
4 433676276 1625 31 24267 434441412 1567 31 4888 433676308 2530 31 185 434442308 2758 31 188 00020213 00116
4 433679092 1586 31 9230 434441124 1564 31 13475 433676484 2500 31 448 434442388 2751 31 113 00020210 00116
4 433678516 1514 31 21547 434441796 1590 31 5265 433676852 2495 31 647 434442532 2776 31 305 00020209 00116
4 433679988 1558 31 9723 434441172 1628 31 3119 433676548 2517 31 732 434442628 2781 31 161 00020207 00117
4 433677108 1534 31 14039 434440388 1597 31 2843 433676612 2544 31 458 434442324 2772 31 155 00020205 00116
4 433678420 1525 31 14281 434441380 1627 31 5067 433676292 2528 31 506 434442196 2753 31 157 00020205 00117
4 433680340 1606 31 16940 434440196 1508 31 4311 433676724 2508 31 612 434442420 2771 31 341 00020206 00116
4 433677620 1649 31 18043 434443012 1632 31 4208 433676836 2494 31 248 434442180 2752 31 101 00020207 00118
4 433681012 1578 31 9684 434441220 1600 31 3935 433676548 2532 31 443 434442580 2765 31 152 00020207 00116
4 433677364 1613 31 13464 434442532 1653 31 3196 433676692 2512 31 268 434442196 2770 31 177 00020208 00116
4 433680484 1686 31 10325 434442260 1660 31 1949 433676260 2501 31 307 434442948 2754 31 161 00020210 00116
4 433677652 1589 31 11276 434441348 1588 31 4953 433676644 2491 31 377 434442548 2773 31 212 00020203 00117
4 433677572 1575 31 10493 434440900 1604 31 6323 433676372 2518 31 169 434442372 2764 31 160 00020209 00117
4 433679220 1585 31 7910 434441252 1597 31 3237 433676372 2498 31 372 434442244 2803 31 290 00020207 00116
4 433678292 1596 31 30681 434440900 1589 31 5607 433676628 2503 31 303 434442260 2755 31 124 00020210 00116
4 433676468 1536 31 15147 434441220 1534 31 8634 433676164 2525 31 359 434442548 2771 31 153 00020207 00117
4 433678052 1620 31 7786 434441012 1584 31 7546 433676388 2529 31 505 434442628 2753 31 222 00020209 00116
4 433676740 1750 31 3995 434442148 1599 31 3764 433676324 2523 31 271 434442228 2767 31 119 00020207 00116
4 433677492 1477 31 20141 434441252 1563 31 6148 433677060 2495 31 415 434442452 2761 31 304 00020211 00116
4 433677764 1564 31 5240 434441124 1578 31 5254 433676020 2516 31 258 434442660 2763 31 147 00020212 00116
4 433677300 1690 31 5593 434441540 1651 31 2925 433676420 2503 31 376 434442612 2762 31 85 00020206 00116
4 433678068 1555 31 12352 434442868 1607 31 3918 433676676 2523 31 794 434442612 2778 31 252 00020210 00116
4 433677076 1560 31 16367 434441972 1585 31 5254 433676596 2517 31 291 434442196 2801 31 237 00020208 00117
4 433677732 1594 31 6782 434441588 1581 31 3894 433676548 2496 31 636 434442404 2775 31 128 00020209 00116
4 433673140 1519 31 10649 434441620 1651 31 5641 433676356 2508 31 311 434442228 2756 31 44 00020209 00116
4 433678468 1491 31 16174 434443124 1504 31 2632 433676148 2470 31 144 434442532 2759 31 172 00020209 00116
4 433679204 1616 31 12235 434440900 1568 31 3143 433676324 2463 31 309 434442532 2734 31 208 00020208 00116
4 433677364 1663 31 6190 434442132 1607 31 3995 433676468 2417 31 306 434442324 2734 31 188 00020212 00116
4 433677236 1699 31 13841 434442964 1640 31 3130 433675828 2539 31 129 434442276 2773 31 123 00020212 00116
4 433676180 1681 31 4243 434443044 1566 31 3541 433676564 2498 31 628 434442388 2750 31 128 00020211 00116
4 433679284 1568 31 10713 434442020 1635 31 3299 433676516 2494 31 393 434442452 2753 31 177 00020210 00118
4 433678804 1522 31 11281 434440996 1586 31 6530 433676420 2447 31 240 434442548 2731 31 258 00020208 00116
4 433676692 1567 31 12907 434442564 1579 31 4738 433676260 2525 31 415 434442436 2764 31 208 00020211 00116
4 433677556 1498 31 14651 434443252 1548 31 4601 433676100 2563 31 435 434442340 2842 31 159 00020210 00116
4 433678308 1522 31 13975 434442084 1584 31 4590 433676452 2493 31 528 434442452 2748 31 107 00020208 00117
4 433675556 1477 31 16010 434441876 1486 31 6288 433676484 2384 31 395 434442260 2676 31 272 00020211 00116
4 433678340 1677 31 6579 434442628 1681 31 4230 433676148 2451 31 327 434442468 2719 31 159 00020208 00116
4 433677780 1606 31 13091 434440676 1638 31 9005 433676660 2524 31 389 434442468 2799 31 231 00020214 00116
4 433678308 1902 31 13950 434441220 1772 31 3056 433676068 2486 31 390 434442532 2758 31 179 00020210 00116
4 433678916 1634 31 4887 434442612 1564 31 4077 433676292 2359 31 207 434442724 2636 31 243 00020212 00116
4 433677828 2069 31 2810 434442948 1986 31 2711 433676324 2780 31 238 434442724 3062 31 109 00020211 00116
4 433676852 1807 31 19041 434441092 1722 31 6454 433676420 2355 31 499 434442404 2631 31 354 00020210 00116
4 433676308 1842 31 8915 434441476 1830 31 7088 433676340 2349 31 276 434442356 2625 31 235 00020206 00116
4 433677812 1945 31 5443 434441700 1928 31 3109 433676276 2457 31 442 434442420 2724 31 236 00020208 00116
4 433677236 2211 31 4835 434442692 2227 31 1433 433676436 2684 31 550 434442340 2953 31 218 00020208 00116
4 433676116 1820 31 6262 434441396 1864 31 2730 433676596 2590 31 308 434442260 2879 31 172 00020206 00117
4 433676948 1890 31 5887 434442724 1893 31 1644 433676756 2633 31 358 434442324 2931 31 215 00020208 00116
4 433674804 1278 31 21616 434442148 1371 31 2783 433676644 2484 31 211 434442452 2719 31 139 00020210 00116
4 433674724 0985 31 6479 434442036 0979 31 3333 433675924 2093 31 367 434442020 2423 31 228 00020208 00116
4 433676868 1808 31 6274 434441028 1686 31 4624 433676548 2488 31 952 434441988 2482 31 181 00020208 00116
4 433676164 1833 31 4638 434441556 1815 31 5699 433676708 2531 31 860 434442548 2530 31 204 00020207 00116
4 433677684 1471 31 8997 434439972 1513 31 3440 433676980 1912 31 762 434442276 1985 31 504 00020208 00116
4 433676356 1796 31 14231 434442180 1857 31 1772 433676500 1813 31 1201 434442148 1883 31 288 00020208 00116
4 433678132 1917 31 7714 434441476 1894 31 2698 433677572 1832 31 963 434442516 1923 31 342 00020211 00116
4 433677508 1948 31 4138 434441636 1936 31 1462 433676516 1872 31 711 434442388 2014 31 574 00020212 00116
4 433675828 1954 31 6051 434441364 1937 31 3200 433676132 2834 31 295 434442372 3008 31 379 00020208 00116
4 433678036 1262 31 6275 434442340 1153 31 5259 433675012 3220 31 223 434441412 3395 31 65 00020210 00116
4 433677172 2263 31 3524 434440596 2090 31 1607 433674676 2905 31 413 434441204 3058 31 58 00020211 00116
4 433677684 2749 31 2947 434440868 2540 31 819 433674788 2864 31 260 434441412 2992 31 146 00020208 00116
4 433675972 2465 31 2020 434442324 2309 31 1350 433674980 2851 31 274 434441124 2982 31 177 00020211 00116
4 433677252 2650 31 3933 434441684 2369 31 3326 433675348 3116 31 256 434441268 3263 31 165 00020208 00116
4 433677124 1816 31 10624 434442724 1540 31 4668 433676116 3482 31 98 434442132 3420 31 86 00020209 00117
4 433677124 1524 31 4523 434443220 1260 31 11997 433676036 3346 31 378 434442084 3196 31 140 00020210 00116
4 433677076 1360 31 24772 434441188 1199 31 4376 433676372 3155 31 260 434442180 3215 31 77 00020209 00117
4 433678180 1516 31 10059 434441444 1354 31 5412 433675108 3083 31 146 434441444 2886 31 80 00020212 00116
4 433676820 2367 31 3182 434442164 2311 31 2038 433674548 2977 31 330 434440900 2750 31 210 00020210 00116
4 433675444 2742 31 5999 434441844 2693 31 1590 433673956 2613 31 321 434439972 2441 31 121 00020212 00116
4 433673716 3028 31 4753 434439444 3057 31 1470 433672388 2514 31 483 434438532 2162 31 361 00020209 00116
4 433674404 2578 31 6550 434438212 2612 31 335 433671972 2205 31 280 434438244 2221 31 147 00020208 00116
4 433673156 2304 31 4860 434437716 2274 31 1624 433671396 2081 31 247 434438404 2084 31 158 00020208 00116
4 433672964 2302 31 6590 434439172 2212 31 4057 433671924 2250 31 93 434438052 2288 31 136 00020212 00116
4 433672932 1638 31 11100 434440052 1560 31 5023 433671972 2267 31 293 434438932 2315 31 111 00020210 00116
4 433673108 1232 31 13182 434440372 1259 31 10911 433674100 2891 31 424 434440404 3012 31 478 00020205 00116
4 433676388 2006 31 5269 434440884 1795 31 5615 433675540 3292 31 141 434442212 3425 31 113 00020212 00116
4 433677076 2837 31 3258 434441860 2759 31 913 433676548 3054 31 296 434442260 3136 31 147 00020213 00116
4 433677668 2934 31 2733 434441268 2869 31 844 433675540 3114 31 147 434441860 3130 31 144 00020211 00116
4 00000000 0000 31 0 00000000 0000 31 0 433673188 2302 31 354 434441140 2420 31 423 00020211 00116
4 00000000 0000 31 0 00000000 0000 31 0 433671204 2389 31 274 434440564 2525 31 46 00020207 00116
4 00000000 0000 31 0 00000000 0000 31 0 433671172 1894 31 1090 434440548 2065 31 350 00020207 00116
4 433668196 0944 31 9287 434442484 1149 31 5653 433672324 3234 31 123 434440724 3330 31 169 00020211 00116
4 433674420 1671 31 18081 434441508 1687 31 3590 433672164 3098 31 347 434440884 3151 31 93 00020210 00116
4 433671812 1470 31 16162 434439476 1540 31 9074 433673012 2964 31 422 434441220 3017 31 241 00020206 00116
4 433673092 1713 31 6877 434440932 1706 31 2437 433672980 2927 31 229 434441108 3005 31 80 00020208 00116
4 433674196 1750 31 8817 434439956 1804 31 5835 433672692 3222 31 136 434441236 3292 31 212 00020209 00116
4 433674564 1840 31 10133 434440580 1738 31 3106 433673140 3056 31 192 434441124 3103 31 296 00020207 00116
4 433673204 1423 31 10798 434440132 1588 31 8552 433673412 2909 31 175 434441316 2951 31 215 00020206 00116
4 433672820 1846 31 8603 434440740 2002 31 3232 433673332 2934 31 295 434441252 2995 31 210 00020210 00116
4 433674052 1814 31 19485 434441044 1818 31 4630 433673668 2770 31 155 434441236 2823 31 173 00020209 00117
4 433672020 1937 31 7014 434441716 1856 31 3636 433673700 2755 31 94 434441364 2809 31 213 00020206 00116
4 433674436 1814 31 9539 434441876 1767 31 4051 433673684 2655 31 122 434441380 2741 31 136 00020208 00116
4 433674260 2074 31 10047 434441236 2004 31 1972 433673364 2792 31 208 434441460 2923 31 77 00020206 00116
4 433673236 2205 31 10040 434440740 2249 31 1905 433673860 2786 31 86 434441284 2845 31 246 00020204 00116
4 433675204 2206 31 7165 434441220 2317 31 2975 433673764 2839 31 167 434441684 2877 31 87 00020205 00116
4 433676404 2064 31 4844 434440996 2027 31 3224 433673940 2744 31 213 434441556 2769 31 202 00020210 00116
4 433675380 2001 31 9727 434440004 1991 31 1535 433674068 2651 31 280 434441684 2680 31 208 00020211 00116
4 433673732 1560 31 16612 434440708 1502 31 5776 433673908 2676 31 79 434441668 2717 31 197 00020208 00117
4 433674964 1712 31 16975 434440244 1629 31 7657 433674436 2707 31 335 434441684 2742 31 107 00020210 00116
4 433674580 1426 31 11720 434440228 1337 31 10022 433673972 2797 31 126 434441380 2844 31 99 00020212 00116
4 433675332 1637 31 9051 434440004 1725 31 5807 433674196 2677 31 173 434441924 2733 31 94 00020212 00116
4 433671316 1459 31 19214 434439780 1408 31 12197 433674484 2617 31 303 434441924 2635 31 336 00020211 00116
4 433674900 1326 31 22580 434438676 1307 31 2995 433674148 2691 31 260 434441924 2699 31 196 00020208 00117
4 433674900 1719 31 12775 434441780 1604 31 3711 433674516 2645 31 193 434441556 2716 31 209 00020209 00116
4 433675252 1514 31 16796 434440948 1479 31 7817 433674516 2613 31 281 434441636 2672 31 230 00020208 00116
4 433677588 1443 31 18736 434441476 1531 31 3262 433674404 2699 31 269 434441844 2763 31 226 00020207 00116
4 433673684 1453 31 41907 434441604 1450 31 6230 433674644 2700 31 262 434441636 2757 31 270 00020208 00116
4 433673764 1704 31 17304 434440644 1648 31 6370 433674644 2664 31 528 434441828 2711 31 116 00020208 00116
4 433673812 1439 31 17766 434441316 1514 31 6747 433674452 2741 31 433 434441764 2765 31 159 00020204 00116
4 433676548 1510 31 19807 434440612 1566 31 7853 433674692 2682 31 428 434441908 2740 31 148 00020206 00116
4 433677668 1556 31 11762 434438356 1453 31 11483 433674484 2713 31 117 434441620 2750 31 228 00020207 00116
4 433675748 1411 31 18678 434442372 1492 31 4660 433674372 2726 31 116 434441748 2761 31 111 00020207 00116
4 433674852 1485 31 10141 434441876 1526 31 7769 433674356 2717 31 166 434441940 2726 31 147 00020206 00116
4 433678004 1514 31 10406 434440436 1508 31 7811 433674420 2683 31 437 434441828 2739 31 224 00020207 00116
4 433675812 1500 31 11176 434441380 1515 31 7574 433674628 2687 31 244 434441540 2741 31 241 00020206 00116
4 433675876 1478 31 7566 434440868 1461 31 4692 433674564 2721 31 257 434441732 2745 31 169 00020208 00116
4 433677604 1379 31 12456 434442020 1635 31 7184 433674436 2684 31 358 434441732 2723 31 117 00020206 00116
4 433676516 1453 31 9753 434440676 1566 31 4341 433674404 2716 31 174 434441492 2741 31 78 00020210 00116
4 433674228 1561 31 9415 434440932 1493 31 2911 433674564 2704 31 212 434441604 2765 31 148 00020211 00116
4 433676452 1452 31 20177 434441188 1527 31 9292 433674612 2725 31 160 434441780 2740 31 257 00020210 00117
4 433675380 1472 31 11935 434440900 1536 31 2893 433674596 2684 31 319 434441940 2716 31 271 00020210 00116
4 433672068 1558 31 6766 434441876 1521 31 1962 433674932 2669 31 543 434441588 2713 31 191 00020206 00116
4 433676836 1540 31 5147 434440676 1537 31 6870 433674324 2706 31 178 434441652 2731 31 272 00020208 00116
4 433675556 1465 31 21104 434442404 1458 31 6648 433675012 2702 31 148 434441668 2738 31 290 00020208 00116
4 433674932 1553 31 8492 434442308 1536 31 7672 433674916 2684 31 431 434441812 2742 31 110 00020211 00116
4 433674596 1697 31 13804 434441572 1749 31 5606 433674996 2680 31 184 434441764 2734 31 241 00020211 00116
4 433675124 1589 31 14302 434441796 1514 31 4203 433674724 2712 31 297 434441860 2740 31 282 00020210 00116
4 433676468 1529 31 6248 434440900 1588 31 6661 433674436 2653 31 118 434441860 2679 31 240 00020206 00116
4 433676116 1683 31 8126 434441540 1709 31 3540 433674724 2682 31 263 434441876 2733 31 407 00020211 00116
4 433677140 1479 31 12176 434441508 1468 31 3303 433674628 2707 31 151 434441748 2719 31 129 00020205 00116
4 433674036 1511 31 14600 434440996 1496 31 5781 433675268 2677 31 349 434441780 2723 31 212 00020206 00116
4 433677572 1588 31 17377 434441332 1536 31 3806 433674628 2722 31 299 434441908 2762 31 174 00020207 00117
4 433678708 1718 31 13023 434441204 1494 31 5135 433674692 2721 31 146 434441668 2787 31 199 00020212 00116
4 433674324 1500 31 15790 434442004 1422 31 2460 433674628 2691 31 188 434441748 2718 31 161 00020209 00116
4 433677524 1593 31 9867 434441524 1620 31 7981 433674564 2690 31 155 434441588 2744 31 335 00020207 00116
4 433675316 1465 31 32573 434443268 1500 31 9753 433674804 2770 31 182 434441492 2799 31 68 00020208 00116
4 433680116 1509 31 17045 434440580 1518 31 8079 433674980 2738 31 290 434441812 2768 31 122 00020202 00117
4 433675572 1604 31 13709 434440436 1429 31 3462 433674852 2593 31 652 434441956 2648 31 101 00020210 00116
4 433677284 1396 31 10845 434442388 1526 31 2728 433674628 2642 31 157 434441556 2674 31 115 00020208 00117
4 433677652 1756 31 7184 434440244 1676 31 4052 433674564 2847 31 120 434442036 2900 31 184 00020207 00116
4 433674996 1627 31 3875 434442132 1398 31 5198 433675028 2795 31 383 434442052 2820 31 185 00020207 00116
4 433675236 1719 31 16299 434441460 1594 31 6932 433674724 2572 31 302 434441908 2608 31 165 00020210 00117
4 433673572 1877 31 9645 434441908 1719 31 2246 433674900 2803 31 373 434441652 2880 31 71 00020208 00116
4 433673236 1699 31 13571 434442420 1825 31 4940 433674948 2758 31 257 434441924 2772 31 149 00020207 00116
4 433677524 1851 31 6577 434440964 1832 31 5735 433674900 2780 31 408 434441860 2814 31 72 00020211 00116
4 433676404 1904 31 16502 434440708 1908 31 2964 433674516 2573 31 185 434441860 2619 31 249 00020207 00116
4 433674868 1521 31 7790 434440772 1549 31 3274 433674692 2826 31 221 434441764 2871 31 179 00020208 00116
4 433676116 1906 31 14564 434443140 2180 31 2487 433674500 2641 31 247 434441732 2679 31 132 00020209 00116
4 433674724 2403 31 5689 434441172 2574 31 1679 433674868 2783 31 426 434441668 2845 31 177 00020209 00116
4 433675220 1411 31 7077 434440708 1586 31 8238 433674612 2669 31 101 434441732 2726 31 68 00020209 00116
4 433675492 1638 31 14718 434440980 1744 31 1950 433674948 2633 31 469 434442004 2696 31 215 00020210 00116
4 433674228 1319 31 14053 434440836 1361 31 7106 433674340 2593 31 83 434441940 2617 31 186 00020207 00116
4 433673316 1473 31 9475 434440340 1595 31 3981 433674788 2540 31 171 434441940 2550 31 146 00020213 00116
4 433674100 1927 31 4320 434440852 1804 31 2281 433674836 2562 31 248 434441604 2611 31 108 00020209 00116
4 433676580 1708 31 13638 434440356 1670 31 6988 433675028 2600 31 103 434441892 2650 31 78 00020206 00116
4 433674068 1419 31 19462 434441636 1510 31 3321 433674836 2639 31 260 434441892 2701 31 92 00020211 00116
4 433675764 1441 31 20366 434442756 1566 31 4094 433676148 3050 31 346 434441860 2921 31 237 00020205 00117
4 433677172 1300 31 18682 434441524 1529 31 7166 433675860 3068 31 128 434441716 2934 31 92 00020209 00116
4 433676324 1387 31 15892 434439748 1610 31 3981 433676180 3030 31 106 434441828 2925 31 99 00020202 00116
4 433675396 1359 31 12869 434441572 1554 31 3666 433675716 3050 31 241 434441732 2920 31 204 00020210 00116
4 433676756 1479 31 10869 434441588 1627 31 3429 433676116 3007 31 204 434442068 2884 31 106 00020207 00116
4 433676276 1473 31 14861 434441172 1628 31 3543 433675892 3003 31 128 434442020 2868 31 158 00020207 00116
4 433676452 1474 31 5636 434441444 1639 31 3347 433676180 3021 31 177 434441812 2884 31 130 00020208 00116
4 433676772 1479 31 15392 434441332 1682 31 4456 433675860 3006 31 261 434441908 2886 31 238 00020209 00116
4 433673220 1487 31 14334 434439988 1620 31 2713 433675892 3055 31 86 434441924 2937 31 162 00020207 00116
4 433675268 1431 31 11242 434440628 1488 31 9641 433676116 3090 31 254 434441732 2916 31 226 00020207 00117
4 433674692 1493 31 13154 434441908 1624 31 2415 433676052 3066 31 316 434441700 2926 31 161 00020206 00116
4 433678548 1524 31 13519 434441988 1673 31 3808 433675972 3054 31 116 434441508 2927 31 121 00020207 00116
4 433680036 1566 31 23607 434441844 1651 31 2831 433676036 3053 31 109 434441508 2930 31 164 00020207 00116
4 433673780 1703 31 6334 434442644 1826 31 4574 433676276 3024 31 136 434441588 2903 31 124 00020206 00116
4 433675572 1816 31 3983 434442020 1925 31 1320 433676308 3027 31 282 434441748 2874 31 113 00020208 00116
4 433677524 1801 31 2281 434441124 2087 31 6486 433676452 3072 31 274 434441604 2921 31 107 00020210 00116
4 433676884 1746 31 10652 434441540 1842 31 4368 433676100 3102 31 174 434441764 2996 31 220 00020207 00116
4 433676532 1646 31 15968 434440084 1848 31 5568 433676324 3202 31 377 434441540 3048 31 62 00020210 00116
4 433676452 1222 31 14532 434442180 1401 31 16199 433676324 2905 31 120 434441812 3038 31 150 00020207 00116
4 433676340 1119 31 9521 434443348 1204 31 7017 433676164 2889 31 327 434441748 3011 31 66 00020205 00116
4 433675668 0961 31 21012 434440484 1236 31 6289 433676244 2854 31 317 434442244 2999 31 61 00020209 00116
4 433677076 1053 31 12033 434440564 1270 31 6838 433675988 2870 31 142 434441908 2981 31 244 00020210 00116
4 433674244 1010 31 21415 434442052 1151 31 7080 433676196 2865 31 292 434442004 3012 31 219 00020205 00116
4 433676484 1000 31 19579 434441716 1130 31 9068 433676068 2835 31 100 434441764 2986 31 223 00020207 00116
4 433673300 0939 31 19305 434443860 1219 31 4880 433676436 2857 31 305 434441764 3024 31 142 00020207 00116
4 433674612 0833 31 15613 434441188 1050 31 10540 433676484 2857 31 240 434441860 3003 31 148 00020209 00116
4 433675732 1056 31 45368 434441364 1316 31 9051 433676148 2870 31 128 434442004 2974 31 156 00020209 00116
4 433675364 1184 31 15109 434442212 1356 31 14138 433675988 2884 31 179 434441924 3011 31 181 00020205 00116
4 433676004 1016 31 11588 434441460 1332 31 12358 433676420 2865 31 470 434441908 2979 31 129 00020208 00116
4 433673572 1014 31 22516 434442196 1496 31 4246 433676020 2925 31 308 434441684 3040 31 185 00020206 00116
4 433675764 1055 31 5072 434440756 1146 31 3212 433676180 2891 31 325 434441988 3034 31 144 00020207 00116
4 433675060 1753 31 9852 434440116 1902 31 6020 433676180 2853 31 225 434441764 2966 31 239 00020207 00116
4 433677956 1916 31 14633 434441924 2094 31 2182 433676212 2762 31 221 434441572 2898 31 195 00020205 00116
4 433675124 1788 31 11051 434442196 2007 31 3461 433676276 2758 31 310 434441796 2870 31 138 00020202 00116
4 433676452 1762 31 15156 434441316 1816 31 2999 433676228 2752 31 144 434441636 2890 31 140 00020207 00117
4 433676388 1593 31 9981 434440420 1835 31 5632 433676148 2762 31 490 434441780 2875 31 120 00020207 00116
4 433676884 1605 31 6564 434440980 1884 31 3503 433676436 2779 31 381 434441972 2928 31 174 00020207 00116
4 433673972 1767 31 12233 434441476 1791 31 3257 433676324 2784 31 150 434441764 2926 31 165 00020204 00116
4 433675604 1630 31 15355 434441988 1796 31 2507 433675940 2788 31 236 434441684 2921 31 267 00020210 00116
4 433676404 1653 31 4657 434440740 1804 31 7119 433676068 2796 31 331 434441668 2946 31 321 00020206 00116
4 433676852 1645 31 8017 434442356 1680 31 2591 433676468 2774 31 149 434441972 2879 31 82 00020210 00116
4 433675924 1598 31 19654 434443748 1763 31 4331 433676484 2772 31 322 434441572 2922 31 164 00020209 00116
4 433675284 1551 31 10858 434441380 1650 31 3962 433676516 2783 31 505 434441540 2933 31 182 00020207 00116
4 433678468 1534 31 9923 434440884 1625 31 3816 433676548 2772 31 471 434441780 2914 31 148 00020209 00116
4 433680052 1452 31 13642 434442276 1643 31 3826 433675956 2772 31 249 434441588 2925 31 255 00020207 00116
4 433674596 1509 31 6784 434442404 1676 31 4019 433676100 2798 31 294 434441828 2892 31 87 00020210 00116
4 433675956 1441 31 12481 434441908 1619 31 8431 433676164 2782 31 256 434441764 2902 31 230 00020207 00116
4 433674036 1513 31 31601 434441460 1565 31 2799 433676180 2778 31 440 434441828 2929 31 159 00020206 00116
4 433675764 1693 31 14113 434441524 1770 31 3323 433676100 2781 31 177 434441892 2891 31 162 00020207 00116
4 433678516 1599 31 12499 434440276 1776 31 2494 433676116 2761 31 134 434441940 2896 31 122 00020210 00116
4 433680004 1452 31 29907 434441476 1745 31 6883 433676436 2788 31 335 434441620 2898 31 61 00020209 00116
4 433675700 1601 31 8510 434441460 1723 31 5541 433675796 2769 31 277 434441508 2906 31 126 00020205 00116
4 433677524 1587 31 9175 434440308 1723 31 4330 433676180 2793 31 115 434442212 2904 31 321 00020211 00116
4 433676436 1590 31 22634 434442404 1679 31 2807 433675940 2804 31 284 434441748 2886 31 238 00020205 00116
4 433674708 1539 31 13954 434441460 1822 31 3693 433676036 2769 31 341 434441780 2893 31 195 00020208 00116
4 433675188 1680 31 16483 434441188 1729 31 4244 433676068 2781 31 248 434441972 2898 31 81 00020203 00116
4 433678388 1616 31 24919 434443076 1684 31 3794 433676100 2785 31 193 434441572 2917 31 206 00020205 00116
4 433677492 1479 31 7777 434442836 1665 31 2368 433676132 2790 31 336 434441796 2899 31 65 00020210 00116
4 433676292 1660 31 10223 434441668 1773 31 3784 433676372 2779 31 365 434441460 2905 31 92 00020205 00116
4 433678708 1614 31 5483 434439220 1814 31 3780 433676212 2777 31 222 434442052 2897 31 299 00020209 00116
4 433677156 1638 31 12205 434441796 1794 31 2291 433675972 2790 31 217 434441668 2902 31 196 00020206 00116
4 433678036 1622 31 11625 434442372 1830 31 2993 433675812 2815 31 365 434441748 2890 31 126 00020208 00117
4 433674644 1476 31 9271 434441860 1626 31 3141 433676180 2783 31 180 434442132 2896 31 213 00020205 00116
4 433676196 1710 31 9543 434440820 1757 31 4192 433675940 2789 31 313 434441940 2879 31 201 00020206 00116
4 433676452 1597 31 5779 434440116 1718 31 4546 433676228 2799 31 204 434441668 2896 31 251 00020207 00116
4 433677508 1446 31 22243 434440660 1595 31 3403 433676324 2783 31 252 434442052 2908 31 199 00020210 00116
4 433678372 1536 31 7486 434442708 1611 31 7528 433676308 2776 31 363 434441940 2914 31 321 00020207 00116
4 433674180 1453 31 14745 434439316 1512 31 5785 433676228 2771 31 179 434442148 2886 31 256 00020206 00117
4 433679652 1514 31 17604 434440628 1580 31 7568 433676004 2802 31 209 434441460 2916 31 140 00020209 00117
4 433677364 1445 31 6231 434439892 1523 31 7131 433676212 2799 31 365 434441476 2901 31 147 00020205 00117
4 433675172 1362 31 13393 434440708 1589 31 2765 433675812 2826 31 219 434441972 2896 31 219 00020208 00116
4 433675204 1365 31 14562 434441028 1488 31 4244 433676228 2808 31 173 434441764 2904 31 187 00020206 00116
4 433677044 1461 31 11123 434441508 1526 31 3705 433676340 2793 31 135 434441876 2898 31 275 00020209 00116
4 433678820 1422 31 17840 434440740 1595 31 5167 433676260 2758 31 282 434441796 2919 31 146 00020206 00116
4 433675572 1382 31 16765 434440020 1610 31 5242 433676068 2780 31 332 434441876 2891 31 57 00020209 00116
4 433674996 1398 31 25104 434440932 1557 31 6218 433676100 2778 31 251 434441828 2909 31 181 00020205 00116
4 433675700 1430 31 20474 434442324 1602 31 5508 433676004 2800 31 226 434441764 2909 31 230 00020209 00116
4 433671860 1430 31 14691 434442836 1583 31 4731 433676500 2777 31 383 434442068 2902 31 125 00020207 00116
4 433676212 1442 31 24826 434442244 1609 31 3715 433676132 2789 31 558 434441556 2901 31 132 00020207 00116
4 433674996 1540 31 12234 434440404 1534 31 6605 433676068 2802 31 204 434441684 2929 31 105 00020207 00116
4 433677172 1618 31 5439 434441220 1787 31 4036 433676164 2862 31 221 434442036 2910 31 350 00020207 00116
4 433676596 1607 31 11059 434440084 1843 31 2775 433676116 2818 31 369 434442004 2904 31 189 00020205 00116
4 433677812 1784 31 6437 434444468 2060 31 64029 433676260 2764 31 239 434441860 2868 31 148 00020211 00116
4 433674660 1489 31 13916 434443316 1795 31 4026 433676068 2771 31 433 434441732 2879 31 196 00020208 00117
4 433673012 1448 31 28532 434442692 1813 31 8595 433676356 2773 31 272 434441844 2888 31 188 00020205 00116
4 433677060 1155 31 26159 434442436 1418 31 9038 433676180 2752 31 310 434441796 2867 31 71 00020212 00116
4 433674164 1096 31 50901 434441444 1313 31 13249 433676308 2724 31 206 434441652 2849 31 140 00020209 00116
4 433675300 2372 31 5771 434442324 2498 31 1714 433675732 2470 31 163 434441668 2597 31 179 00020207 00117
4 433675764 2398 31 2772 434442772 2446 31 1947 433675956 2471 31 197 434441732 2591 31 206 00020212 00116
4 433675764 2473 31 2368 434442180 2556 31 1822 433676132 2445 31 295 434441844 2565 31 128 00020208 00116
4 433676404 2412 31 1920 434441844 2542 31 1395 433675988 2439 31 174 434441780 2586 31 203 00020209 00116
4 433676724 2449 31 3545 434442148 2534 31 1187 433675860 2451 31 299 434441716 2602 31 273 00020204 00116
4 433676036 2469 31 2520 434442084 2544 31 1257 433675860 2469 31 225 434441492 2581 31 144 00020206 00117
4 433676260 2540 31 7217 434442148 2632 31 1381 433675748 2430 31 175 434441844 2574 31 537 00020209 00116
4 433675364 2601 31 1613 434441988 2656 31 913 433676212 2472 31 187 434441476 2605 31 297 00020210 00116
4 433675892 2517 31 2024 434441940 2574 31 1427 433675892 2490 31 304 434441844 2572 31 403 00020205 00116
4 433675700 2192 31 4120 434442228 2300 31 2112 433676500 2499 31 519 434441668 2615 31 229 00020207 00117
4 433674596 2256 31 3977 434442580 2287 31 5503 433675876 2480 31 287 434441668 2591 31 165 00020204 00116
4 433675732 2101 31 6804 434442452 2256 31 2284 433676164 2474 31 276 434441828 2625 31 301 00020209 00116
4 433676884 2142 31 5235 434442004 2236 31 1201 433676004 2466 31 64 434441396 2649 31 156 00020208 00116
4 433676660 2226 31 2952 434442772 2273 31 1561 433676052 2493 31 324 434441700 2618 31 222 00020208 00117
4 433675460 2303 31 2912 434441860 2339 31 1990 433675908 2485 31 209 434441588 2608 31 143 00020207 00116
4 433676068 2335 31 7148 434443156 2375 31 2018 433676068 2482 31 394 434441828 2593 31 157 00020208 00116
4 433675204 2313 31 3744 434442708 2417 31 1580 433676084 2509 31 249 434441828 2634 31 333 00020209 00117
4 433676996 2267 31 4890 434442852 2407 31 1983 433675860 2512 31 490 434441828 2625 31 172 00020208 00116
4 433675572 2324 31 5686 434442132 2385 31 912 433676036 2470 31 255 434441604 2630 31 110 00020211 00116
4 433676564 2307 31 3336 434442420 2374 31 3338 433676180 2514 31 547 434441668 2609 31 247 00020208 00116
4 433676148 2364 31 4691 434442820 2436 31 1541 433675924 2496 31 255 434441636 2605 31 111 00020210 00116
4 433676468 2401 31 3361 434441492 2337 31 4023 433675764 2497 31 343 434441652 2606 31 123 00020205 00116
4 433676564 2506 31 3681 434442100 2564 31 2264 433676692 2452 31 668 434441748 2626 31 97 00020207 00116
4 433675492 2693 31 2202 434442356 2765 31 1770 433676100 2463 31 315 434441668 2593 31 195 00020207 00116
4 433675188 2711 31 1924 434441732 2811 31 1335 433676404 2416 31 344 434441860 2575 31 149 00020207 00116
4 433675476 2767 31 1206 434441396 2849 31 929 433676212 2435 31 453 434441860 2574 31 187 00020207 00116
4 433676100 2731 31 3322 434442004 2771 31 1585 433676164 2508 31 326 434441540 2644 31 211 00020206 00116
4 433674996 2440 31 6454 434442404 2372 31 2336 433676164 2483 31 233 434441780 2614 31 281 00020209 00117
4 433675236 2379 31 5726 434441508 2632 31 833 433675652 2465 31 181 434441812 2580 31 221 00020205 00116
4 433676324 2495 31 4852 434442164 2607 31 1870 433676004 2456 31 146 434441604 2561 31 186 00020205 00116
4 433676132 2503 31 4812 434442452 2659 31 2114 433675892 2457 31 235 434441812 2569 31 221 00020208 00116
4 433676212 2509 31 6086 434442324 2563 31 2140 433676020 2439 31 234 434441860 2558 31 248 00020204 00116
4 433675764 2461 31 5808 434442068 2667 31 1647 433675972 2429 31 168 434441732 2580 31 223 00020209 00116
4 433675268 2508 31 4012 434442932 2592 31 1535 433676148 2444 31 357 434441748 2550 31 290 00020207 00116
4 433675716 2476 31 3302 434442532 2613 31 2138 433676180 2497 31 266 434441572 2577 31 123 00020204 00116
4 433675012 2529 31 3063 434442708 2591 31 1854 433676356 2443 31 444 434441748 2605 31 116 00020208 00116
4 433674964 2444 31 4695 434442612 2616 31 1564 433675924 2446 31 234 434441540 2590 31 198 00020207 00116
4 433675092 2490 31 6371 434441588 2532 31 1320 433676180 2457 31 157 434441700 2572 31 90 00020208 00116
4 433675924 2491 31 3841 434442260 2626 31 2076 433676244 2451 31 247 434441860 2578 31 142 00020210 00116
4 433674292 2527 31 3619 434441460 2564 31 2623 433676180 2477 31 114 434441908 2574 31 267 00020210 00116
4 433675140 2448 31 6617 434441748 2577 31 2451 433676228 2458 31 324 434441972 2604 31 180 00020209 00116
4 433676276 2395 31 12959 434441908 2587 31 1044 433675924 2463 31 181 434441876 2584 31 258 00020211 00116
4 433676004 2432 31 2989 434442772 2599 31 1984 433676132 2482 31 156 434441844 2594 31 120 00020208 00116
4 433676116 2323 31 4795 434442564 2536 31 2544 433675892 2483 31 174 434441924 2574 31 236 00020211 00116
4 433676532 2424 31 8487 434441924 2575 31 1530 433676228 2468 31 474 434441700 2617 31 255 00020208 00116
4 433675252 2757 31 3016 434441460 2869 31 1914 433676100 2463 31 158 434441668 2592 31 93 00020208 00116
4 433675540 2804 31 3381 434441332 2892 31 841 433675860 2469 31 235 434441476 2576 31 152 00020210 00116
4 433675876 2883 31 3149 434442276 2972 31 1241 433675908 2457 31 248 434441908 2572 31 137 00020210 00116
4 433675700 3356 30 1321 434441444 3411 30 481 433675764 2414 30 185 434441844 2558 30 135 00020211 00116
4 433675812 3521 29 974 434441956 3482 29 470 433676068 2412 29 100 434441748 2571 29 249 00020205 00116
4 433676308 3368 28 2251 434442324 3285 28 1302 433675764 2417 28 128 434442004 2539 28 170 00020207 00116
4 433676772 3061 28 1508 434441812 3053 28 415 433675524 2399 28 202 434441444 2543 28 251 00020210 00116
4 433676148 3136 28 3162 434442260 3132 28 1406 433676228 2417 28 116 434441524 2567 28 85 00020207 00116
4 433676276 3092 28 1291 434441716 3121 28 904 433676068 2406 28 113 434441668 2534 28 332 00020207 00116
4 433675652 3128 28 2187 434441828 3114 28 355 433676020 2404 28 185 434441748 2500 28 357 00020209 00116
4 433677172 3181 28 1995 434442180 3131 28 433 433676132 2368 28 406 434441620 2591 28 156 00020211 00116
4 433675652 3102 28 2103 434441492 3116 28 771 433676068 2385 28 156 434441604 2541 28 222 00020207 00116
4 433675956 3079 28 1913 434442212 3093 28 779 433675588 2419 28 154 434441684 2525 28 186 00020210 00116
4 433675988 3027 28 2190 434441684 2983 28 296 433676388 2442 28 361 434441924 2550 28 171 00020207 00116
4 433675748 3123 28 1504 434441588 3021 28 827 433676276 2435 28 477 434441748 2573 28 314 00020210 00116
4 433675588 2966 28 2288 434442148 3014 28 510 433676308 2394 28 217 434441620 2547 28 223 00020205 00116
4 433676580 2268 28 5200 434442500 2315 28 2291 433675860 2546 28 153 434441924 2645 28 257 00020212 00116
4 433676724 2136 29 5090 434441748 2379 28 984 433675956 2483 29 240 434441636 2570 28 101 00020209 00116
4 433676324 3020 29 2149 434442084 3115 28 752 433676100 2465 29 292 434441764 2605 28 215 00020210 00116
4 433676068 3062 29 3594 434442948 3070 28 1292 433676020 2482 29 267 434441684 2595 28 174 00020208 00116
4 433676516 3213 28 2441 434442404 3238 27 1067 433676020 2470 28 479 434441508 2584 27 236 00020209 00116
4 433675876 3020 28 3217 434441924 2960 27 812 433675924 2471 28 196 434441828 2600 27 174 00020210 00116
4 433677332 3057 28 2444 434441844 2965 27 1269 433675972 2491 28 361 434441748 2584 27 277 00020209 00116
4 433676084 3092 28 1805 434441860 2961 27 365 433676100 2490 28 193 434441796 2591 27 137 00020209 00116
4 433676660 2241 28 3807 434442196 2120 28 2483 433675940 2537 28 136 434441844 2659 28 168 00020211 00116
4 433675284 2211 28 7165 434441892 2338 28 1531 433675860 2417 28 257 434441588 2568 28 176 00020209 00117
4 433675988 2970 28 901 434441700 3097 28 689 433676180 2443 28 339 434441604 2550 28 267 00020208 00116
4 433676852 3075 28 1225 434441988 3090 28 611 433675748 2419 28 287 434441700 2561 28 377 00020207 00116
4 433676676 3137 28 2605 434441844 3117 28 811 433675828 2401 28 276 434441828 2543 28 313 00020210 00116
4 433675828 3040 28 1821 434441844 3141 28 1063 433676308 2402 28 687 434441908 2528 28 165 00020210 00116
4 433676276 3073 28 1573 434441892 3138 28 759 433675908 2415 28 507 434441460 2617 28 280 00020206 00116
4 433676004 3138 28 1315 434442180 3098 28 966 433676004 2393 28 317 434441860 2541 28 307 00020210 00116
4 433677444 3065 28 2757 434441732 3140 28 788 433675668 2394 28 276 434441780 2532 28 147 00020213 00116
4 433676628 3033 28 1447 434442452 3089 28 414 433676356 2373 28 374 434441844 2536 28 110 00020209 00116
4 433675652 3077 28 1215 434441060 3127 28 625 433676148 2372 28 266 434441860 2529 28 203 00020210 00116
4 433675700 3074 28 960 434441940 3043 28 454 433676148 2385 28 321 434441860 2542 28 109 00020210 00116
4 433676404 3044 28 1509 434441572 3087 28 459 433675620 2452 28 244 434442020 2520 28 195 00020210 00117
4 433676276 3132 28 1853 434442580 3094 28 1085 433676164 2414 28 313 434441716 2519 28 165 00020211 00116
4 433676756 3099 28 1715 434441748 3058 28 770 433676244 2390 28 409 434441796 2528 28 172 00020208 00116
4 433676356 3133 28 2687 434442340 3089 28 1168 433675764 2408 28 788 434441780 2528 28 266 00020210 00116
4 433675540 3085 28 2025 434441924 3091 28 1122 433676084 2387 28 430 434441620 2510 28 204 00020210 00116
4 433675588 3150 28 2248 434442580 3144 28 1212 433675908 2422 28 491 434441636 2529 28 185 00020210 00116
4 433675668 3103 28 937 434441940 3117 28 752 433676132 2391 28 172 434441652 2554 28 351 00020211 00116
4 433676324 3103 28 2206 434441956 3134 28 993 433676276 2391 28 449 434441716 2535 28 192 00020210 00116
4 433675956 3126 28 1066 434441876 3125 28 722 433675284 2414 28 87 434442180 2525 28 351 00020212 00116
4 433675828 3137 28 864 434441828 3140 28 643 433676180 2372 28 244 434441844 2574 28 127 00020211 00117
4 433675956 3136 28 988 434441572 3151 28 798 433676228 2405 28 470 434441700 2522 28 181 00020209 00116
4 433676244 3142 28 1416 434441716 3119 28 549 433676244 2389 28 277 434441668 2529 28 162 00020211 00116
4 433675908 3134 28 1592 434442132 3110 28 641 433675764 2405 28 150 434442068 2533 28 298 00020208 00116
4 433676020 3120 28 1896 434442244 3116 28 1297 433675956 2376 28 176 434441572 2529 28 286 00020211 00116
4 433676724 3056 28 714 434441828 3098 28 678 433676100 2399 28 224 434441780 2535 28 203 00020208 00116
4 433677524 3075 28 1519 434441956 3097 28 651 433676228 2397 28 370 434441700 2534 28 225 00020210 00116
4 433676548 3079 28 2785 434442148 3022 28 924 433676452 2386 28 396 434441876 2561 28 246 00020209 00116
4 433677108 3065 28 2714 434441716 2995 28 841 433675988 2440 28 291 434441780 2552 28 150 00020210 00116
4 433676276 2996 28 1685 434441780 3010 28 229 433676148 2420 28 337 434441860 2560 28 103 00020211 00116
4 433675732 2404 28 2406 434441796 2513 28 1396 433675700 2455 28 390 434441844 2567 28 241 00020210 00116
4 433676772 2631 28 1738 434441796 2631 28 848 433676132 2429 28 241 434441684 2580 28 105 00020210 00116
4 433676772 2674 28 2031 434442260 2721 28 1727 433675908 2480 28 194 434441652 2588 28 142 00020212 00116
4 433675412 2692 28 1576 434442052 2642 28 713 433676084 2447 28 288 434441972 2579 28 197 00020209 00116
4 433675716 2647 28 1328 434441828 2619 28 698 433675844 2478 28 245 434441460 2583 28 280 00020211 00116
4 433676212 2672 28 2477 434441220 2612 28 1167 433676148 2460 28 217 434441988 2624 28 418 00020209 00116
4 433676932 2597 28 2468 434441620 2644 28 571 433676116 2460 28 150 434441780 2580 28 170 00020213 00116
4 433675620 2665 28 2867 434441860 2646 28 1402 433676228 2456 28 99 434441684 2593 28 215 00020212 00116
4 433677588 2789 28 2302 434441876 2814 28 422 433675716 2481 28 253 434441828 2566 28 226 00020212 00116
4 433677124 2922 28 2208 434441924 2890 28 908 433676468 2449 28 203 434441396 2568 28 318 00020209 00116
4 433675924 2901 28 1995 434441924 2922 28 828 433676148 2455 28 152 434441556 2574 28 185 00020211 00117
4 433675572 2846 28 3650 434441284 2886 28 338 433675748 2443 28 220 434441444 2574 28 71 00020210 00116
4 433676644 2891 28 1197 434442340 2873 28 956 433675972 2446 28 549 434442004 2618 28 459 00020214 00116
4 433675796 2904 28 1556 434442292 2825 28 371 433676148 2466 28 221 434441748 2570 28 161 00020209 00116
4 433676596 2836 28 2566 434442692 2893 28 583 433676228 2450 28 197 434441716 2588 28 141 00020211 00116
4 433676660 2980 28 2362 434442532 2885 28 1679 433675764 2470 28 190 434441780 2580 28 290 00020211 00116
4 433676596 2904 28 1653 434442020 2846 28 829 433676036 2454 28 264 434441620 2574 28 128 00020212 00116
4 433676900 2953 28 2479 434442052 2846 28 857 433675924 2441 28 383 434441780 2606 28 245 00020208 00116
4 433677108 2896 28 2715 434441972 2861 28 691 433676308 2461 28 291 434442020 2596 28 231 00020212 00116
4 433677252 2824 28 2017 434446116 2853 28 85162 433676036 2447 28 221 434441572 2562 28 73 00020211 00116
4 433675668 2875 28 4786 434441556 2863 28 468 433676244 2411 28 276 434441812 2579 28 160 00020213 00118
4 433676084 2845 28 2602 434442020 2834 28 1353 433675956 2492 28 230 434442132 2572 28 210 00020212 00116
4 433675204 2798 28 3056 434441700 2777 28 775 433676340 2460 28 500 434441748 2597 28 267 00020212 00116
4 433675332 2405 28 3035 434442548 2595 28 1688 433675764 2512 28 281 434441764 2612 28 196 00020212 00116
4 433676916 2040 29 7146 434440852 2145 29 1224 433675972 2473 29 189 434441668 2621 29 316 00020211 00116
