6 433382276 1984 31 19480 434431972 2057 31 35301 435357956 2629 22 4084 436439396 2594 21 608 437400772 2646 23 336 438455956 2467 23 512 00020310 00116
6 433383028 1774 31 15594 434429204 2016 31 56187 435357748 2546 22 1386 436439940 2493 21 571 437400932 2605 23 603 438456068 2350 23 323 00020312 00116
6 433379956 1770 31 20308 434433364 2001 31 47998 435357252 2585 22 1989 436439604 2471 21 190 437401012 2589 23 539 438455924 2359 23 172 00020312 00116
6 433384308 1906 31 12104 434431620 2038 31 51171 435356372 2643 22 3274 436439588 2554 21 256 437401220 2662 23 225 438455812 2479 23 317 00020311 00116
6 433384132 1985 31 13033 434432052 2155 31 59416 435356612 2629 22 3688 436439636 2669 21 348 437401348 2733 23 308 438455796 2498 23 41 00020312 00116
6 433381924 2001 31 22606 434436644 2189 31 64182 435357028 2665 22 3169 436439444 2572 21 410 437400900 2728 23 467 438455892 2461 23 375 00020311 00116
6 433381988 1974 31 27726 434436692 2180 31 90442 435358420 2696 22 1065 436439636 2601 21 676 437400692 2691 23 306 438455652 2504 23 233 00020309 00116
6 433380420 1863 31 13574 434434292 2128 31 70917 435358500 2669 22 3995 436439620 2618 21 224 437400932 2738 23 724 438456116 2454 23 135 00020312 00116
6 433382772 1937 31 18806 434431524 2065 31 67712 435357892 2673 22 1735 436439316 2623 21 188 437401300 2694 23 420 438455540 2467 23 82 00020311 00116
6 433381364 1813 31 15246 434433060 2035 31 91243 435358356 2638 22 1023 436439972 2532 21 544 437400932 2672 23 358 438455908 2403 23 360 00020311 00116
6 433377908 1741 31 23958 434434452 2094 31 38958 435358084 2622 22 2910 436439412 2535 21 229 437400884 2633 23 815 438455604 2392 23 224 00020310 00116
6 433381252 1854 31 19758 434430340 2021 31 63008 435358116 2631 22 1511 436439668 2568 21 351 437401092 2620 23 486 438455732 2408 23 178 00020310 00116
6 433378548 1856 31 16018 434432436 2110 31 39604 435357364 2621 22 2829 436439716 2545 21 275 437400996 2613 23 431 438455860 2368 23 457 00020309 00116
6 433382100 1935 31 22490 434433204 2135 31 81501 435357252 2584 22 2928 436439668 2502 21 684 437400820 2511 23 769 438456228 2256 23 207 00020308 00116
6 433376340 1906 31 16616 434435908 2159 31 19045 435357252 2570 22 2346 436439556 2517 21 336 437400900 2499 23 546 438456116 2221 23 451 00020310 00116
6 433379364 1950 31 20769 434430644 2157 31 84248 435357588 2486 22 2905 436439780 2409 21 306 437401332 2470 23 490 438456532 2257 23 328 00020309 00117
6 433376964 1872 31 25557 434432420 2223 31 29744 435358692 2467 22 3942 436439268 2320 21 582 437401924 2602 23 763 438456132 2267 23 247 00020310 00116
6 433380788 2002 31 13816 434438756 2209 31 52922 435359140 2496 22 4924 436439524 2364 21 427 437401412 2572 23 284 438455620 2335 23 335 00020308 00116
6 433381684 2098 31 13501 434438804 2311 31 40556 435358356 2579 22 3745 436439860 2476 21 321 437401268 2678 23 322 438455716 2463 23 152 00020308 00116
6 433378772 2210 31 8161 434440196 2417 31 32699 435356996 2732 22 2464 436439700 2643 21 400 437401220 2848 23 372 438456148 2597 23 149 00020308 00116
6 433380212 2032 31 29183 434434788 2228 31 62976 435357732 2600 22 1636 436439508 2568 21 376 437401284 2735 23 621 438455876 2496 23 137 00020311 00116
6 433380020 2031 31 15148 434438420 2302 31 27696 435356868 2658 22 2230 436439524 2521 21 111 437401348 2781 23 171 438455988 2524 23 212 00020308 00116
6 433379764 2020 31 14303 434433604 2164 31 54368 435357220 2541 22 5105 436439780 2430 21 172 437401204 2690 23 327 438455908 2430 23 351 00020307 00116
6 433381572 1866 31 12699 434432532 2093 31 35033 435358004 2569 22 2923 436439940 2453 21 355 437401204 2658 23 265 438456452 2433 23 275 00020308 00116
6 433381636 1913 31 17955 434436788 2179 31 49102 435358468 2542 22 1478 436439428 2483 21 339 437401236 2657 23 307 438456228 2408 23 383 00020308 00116
6 433380516 2014 31 12412 434434516 2117 31 68961 435357236 2538 22 3418 436439972 2485 21 775 437401236 2673 23 486 438456484 2377 23 715 00020307 00116
6 433380628 1879 31 24505 434435476 2183 31 58126 435358260 2572 22 2732 436440100 2503 21 395 437401300 2617 23 315 438456260 2422 23 530 00020308 00116
6 433380404 1983 31 16123 434431764 2228 31 84455 435357892 2528 22 3661 436439588 2477 21 555 437400932 2642 23 807 438455876 2385 23 304 00020307 00116
6 433383476 1929 31 12588 434428836 2134 31 75348 435358404 2545 22 1379 436439780 2492 21 183 437401188 2687 23 481 438456340 2411 23 217 00020308 00116
6 433379652 1925 31 23309 434431684 2166 31 36460 435358228 2521 22 1809 436439572 2445 21 311 437400772 2654 23 664 438455892 2407 23 298 00020307 00116
6 433379156 1923 31 20757 434434340 2214 31 26929 435357940 2501 22 6849 436439140 2449 21 271 437401316 2635 23 306 438455860 2407 23 317 00020307 00116
6 433380756 2000 31 13598 434437140 2245 31 40802 435358868 2544 22 765 436440276 2436 21 480 437401044 2674 23 327 438456020 2451 23 164 00020308 00116
6 433378516 1983 31 24864 434436644 2240 31 23810 435357812 2598 22 6685 436440036 2504 21 789 437401220 2710 23 462 438455716 2538 23 285 00020305 00116
6 433381604 1956 31 12201 434436196 2328 31 54518 435358356 2641 22 2436 436439588 2516 21 442 437400852 2681 23 444 438455716 2484 23 268 00020307 00116
6 433380324 2016 31 13617 434432836 2334 31 50785 435357844 2634 22 1148 436439604 2511 21 202 437401332 2737 23 298 438456116 2471 23 364 00020304 00116
6 433381588 1890 31 20137 434435268 2176 31 66043 435358260 2490 22 4849 436439972 2453 21 333 437400964 2672 23 328 438455812 2388 23 414 00020307 00116
6 433383588 2087 31 14113 434435188 2085 31 65265 435359140 2533 22 1425 436440020 2503 21 649 437400596 2635 23 499 438455972 2418 23 353 00020306 00116
6 433380148 1955 31 10625 434437492 2156 31 42118 435357972 2542 22 2720 436439844 2452 21 302 437401268 2700 23 356 438455364 2431 23 136 00020306 00116
6 433381892 1922 31 11105 434431860 2165 31 68286 435357636 2510 22 3454 436439300 2462 21 174 437401332 2651 23 472 438456356 2421 23 716 00020306 00116
6 433378148 1885 31 14751 434435508 2191 31 43076 435358948 2540 22 4274 436439924 2447 21 426 437400580 2601 23 398 438455764 2459 23 444 00020303 00116
6 433380724 1983 31 21069 434430852 2304 31 41006 435357524 2616 22 4660 436439124 2511 21 160 437400852 2688 23 310 438456292 2534 23 348 00020303 00116
6 433380612 2055 31 16118 434436292 2200 31 60487 435358164 2605 22 1401 436439780 2499 21 278 437401204 2698 23 382 438456020 2442 23 302 00020308 00116
6 433383140 1957 31 16629 434431716 2262 31 65244 435357716 2562 22 2972 436439492 2523 21 229 437401124 2743 23 469 438456036 2456 23 488 00020301 00116
6 433382068 1993 31 13279 434435508 2216 31 56449 435357460 2615 22 4033 436440164 2524 21 601 437401204 2706 23 626 438456148 2493 23 308 00020301 00116
6 433379028 1969 31 7494 434436468 2266 31 24805 435356708 2653 22 3623 436439844 2535 21 226 437400836 2696 23 892 438455780 2481 23 312 00020304 00116
6 433381540 1904 31 28687 434429620 2152 31 52856 435357188 2651 22 4864 436439508 2508 21 292 437400772 2693 23 466 438456484 2395 23 533 00020306 00116
6 433382628 1918 31 15898 434432260 2147 31 91447 435359540 2596 22 3083 436439668 2428 21 92 437401220 2683 23 236 438456212 2434 23 316 00020300 00116
6 433381796 2009 31 19668 434432644 2170 31 73088 435357844 2607 22 3232 436440212 2479 21 614 437401284 2731 23 261 438456084 2442 23 747 00020302 00116
6 433381636 1872 31 21551 434432996 2200 31 53556 435358996 2619 22 1551 436439748 2495 21 258 437401156 2662 23 325 438456180 2482 23 400 00020301 00116
6 433382164 1988 31 13031 434428916 2172 31 51890 435357236 2542 22 3643 436439380 2431 21 403 437400516 2653 23 756 438456180 2403 23 381 00020303 00116
6 433382276 1947 31 13750 434433124 2151 31 59182 435358372 2527 22 2569 436439572 2454 21 188 437400772 2605 23 478 438455796 2401 23 147 00020299 00116
6 433380932 1961 31 14023 434432564 2090 31 60086 435357780 2571 22 1598 436439156 2466 21 266 437401284 2640 23 345 438456036 2395 23 294 00020301 00116
6 433380004 2045 31 27434 434434436 2158 31 60895 435357828 2515 22 4785 436439924 2466 21 759 437400660 2682 23 547 438455668 2445 23 276 00020303 00116
6 433384772 1941 31 11019 434425348 2208 31 104887 435357396 2606 22 1687 436439220 2455 21 89 437401268 2640 23 587 438455812 2402 23 222 00020299 00116
6 433383524 1965 31 11815 434433268 2222 31 97105 435358868 2519 22 2951 436439796 2472 21 631 437400964 2679 23 636 438455924 2377 23 270 00020299 00116
6 433379924 1819 31 23640 434431220 2148 31 56591 435358148 2547 22 4379 436439556 2457 21 243 437400580 2625 23 599 438455908 2514 23 342 00020298 00116
6 433381140 1988 31 22402 434431444 2146 31 64348 435357700 2574 22 2637 436439220 2501 21 204 437401188 2684 23 446 438456212 2417 23 355 00020300 00116
6 433382340 1935 31 14723 434436404 2263 31 71899 435357972 2527 22 4655 436439732 2496 21 345 437401252 2629 23 398 438455972 2432 23 512 00020300 00117
6 433380244 1883 31 27053 434433284 2221 31 57824 435359348 2554 22 5868 436439716 2476 21 279 437400980 2661 23 386 438455732 2405 23 356 00020300 00116
6 433378932 1903 31 12480 434434420 2210 31 31277 435358196 2504 22 4567 436439732 2465 21 652 437401204 2649 23 255 438456372 2378 23 356 00020301 00116
6 433381988 1974 31 16106 434433012 2178 31 36256 435359284 2557 22 3399 436439828 2511 21 377 437401124 2648 23 370 438455828 2437 23 624 00020295 00116
6 433379732 1947 31 17823 434433220 2190 31 43047 435357508 2526 22 3633 436439668 2490 21 438 437401268 2674 23 368 438456260 2446 23 597 00020296 00116
6 433383220 1935 31 12623 434431700 2073 31 62097 435358324 2532 22 2720 436439540 2450 21 630 437401156 2675 23 477 438456116 2463 23 386 00020299 00116
6 433381316 1948 31 21223 434434916 2147 31 44225 435358468 2570 22 1128 436440084 2485 21 966 437401620 2623 23 308 438455780 2383 23 79 00020298 00116
6 433382452 1893 31 11395 434440884 2160 31 33050 435357060 2484 22 3858 436439428 2485 21 255 437400820 2687 23 652 438455972 2408 23 291 00020297 00116
6 433380948 1922 31 26380 434432996 2164 31 73009 435358324 2498 22 7208 436440100 2498 21 370 437400804 2633 23 599 438456052 2449 23 374 00020296 00116
6 433382996 1943 31 24175 434433556 2127 31 72242 435358628 2564 22 1067 436439460 2508 21 196 437401332 2727 23 412 438455380 2413 23 77 00020293 00116
6 433380868 1981 31 12856 434434116 2132 31 39997 435357284 2518 22 2978 436440020 2472 21 280 437400836 2611 23 358 438456036 2397 23 350 00020296 00116
6 433380436 1977 31 21220 434432660 2159 31 57469 435358116 2486 22 3178 436439780 2459 21 584 437400932 2666 23 451 438455620 2418 23 298 00020300 00116
6 433379700 1990 31 12814 434433940 2200 31 38186 435358724 2536 22 1680 436440116 2446 21 1098 437401028 2612 23 793 438456004 2388 23 504 00020296 00116
6 433381332 1918 31 20976 434432900 2205 31 61126 435358868 2526 22 2601 436439844 2451 21 399 437401044 2629 23 490 438456324 2382 23 793 00020293 00116
6 433381732 1865 31 10376 434433604 2164 31 39123 435358756 2604 22 1264 436440052 2420 21 463 437401652 2652 23 371 438455764 2405 23 125 00020294 00116
6 433383908 1916 31 13813 434437620 2094 31 78103 435357508 2535 22 3301 436440356 2487 21 1210 437401172 2645 23 469 438455860 2455 23 378 00020296 00116
6 433379364 1976 31 23803 434433780 2080 31 46810 435358404 2593 22 1720 436439748 2476 21 369 437401220 2677 23 474 438456164 2438 23 254 00020294 00116
6 433381732 1866 31 20038 434424564 2138 31 76656 435358452 2540 22 1675 436439844 2496 21 240 437401268 2664 23 276 438456084 2382 23 232 00020293 00116
6 433382468 1923 31 13237 434432500 2202 31 45212 435358740 2642 22 3492 436440036 2462 21 435 437400804 2663 23 613 438456132 2423 23 732 00020296 00116
6 433382452 2058 31 13937 434440308 2232 31 29929 435358884 2628 22 1395 436439380 2535 21 215 437400884 2708 23 114 438456372 2488 23 652 00020295 00116
6 433382852 2016 31 12814 434434708 2259 31 56635 435357460 2604 22 4305 436440116 2542 21 434 437401380 2744 23 693 438456004 2494 23 285 00020293 00116
6 433381476 1963 31 12275 434436676 2320 31 41648 435358052 2572 22 3972 436440340 2530 21 1047 437401428 2695 23 333 438455684 2514 23 87 00020289 00116
6 433381108 2022 31 13150 434434404 2244 31 46158 435358372 2575 22 3875 436439604 2583 21 310 437401204 2717 23 496 438455796 2469 23 386 00020293 00116
6 433381684 1994 31 13412 434432084 2203 31 55536 435357860 2513 22 3096 436439524 2503 21 200 437401572 2733 23 218 438455844 2482 23 286 00020295 00116
6 433379140 2003 31 46162 434434868 2095 31 56187 435358964 2432 22 2370 436439892 2289 21 373 437401492 2531 23 510 438456084 2305 23 769 00020292 00116
6 433382244 1729 31 14252 434427444 1949 31 71759 435358532 2063 23 4609 436440324 2014 22 1118 437401540 2395 23 1082 438455892 2124 24 577 00020291 00116
6 433378804 1389 31 15569 434433092 1560 31 40800 435357620 1862 24 8996 436440116 1807 23 1149 437400836 1937 24 1022 438456356 1902 25 347 00020293 00124
6 433379652 1256 31 14002 434430388 1627 31 27247 435355924 1970 25 6952 436440068 1897 24 1357 437400836 2065 25 801 438455972 2079 26 445 00020292 00124
6 433380260 1301 31 15383 434428484 1594 31 19843 435357508 2133 26 3800 436439668 2088 25 280 437401076 2216 25 499 438456372 2209 26 399 00020293 00159
6 433383492 1302 31 9960 434431748 1625 31 37597 435357476 2438 26 2585 436439316 2346 25 175 437401252 2248 25 450 438456052 2292 26 405 00020292 00130
6 433379668 1451 31 22396 434430868 1792 31 44697 435356996 2418 26 3218 436439412 2388 25 295 437400916 2273 25 915 438455956 2249 26 356 00020290 00239
6 433382932 2076 31 12467 434437972 2282 31 53509 435357796 3041 26 529 436439604 2854 25 274 437400980 2883 25 351 438455892 2866 26 126 00020291 00116
6 433379044 2000 31 13808 434433460 2189 31 26506 435358468 2925 26 376 436439604 2788 25 163 437401092 2784 25 304 438456004 2888 26 273 00020291 00116
6 433382580 1956 31 10211 434434532 2163 31 77836 435357748 2887 26 1425 436439860 2761 25 151 437401284 2772 25 165 438456036 2803 26 134 00020293 00116
6 433379668 1878 31 17624 434436148 2079 31 37088 435358452 2861 26 668 436439764 2721 25 245 437401172 2740 25 427 438456388 2736 26 505 00020291 00116
6 433381316 1892 31 10810 434435460 2030 31 44089 435358116 2842 26 715 436439956 2697 25 342 437400708 2776 25 601 438456148 2747 26 177 00020291 00116
6 433380276 1836 31 15545 434435396 1997 31 33687 435357716 2835 26 902 436439588 2726 25 189 437400884 2788 25 519 438456036 2801 26 169 00020292 00116
6 433379940 1991 31 12681 434436852 2162 31 22882 435358324 2843 26 1007 436440004 2726 25 329 437401140 2764 25 549 438456084 2781 26 149 00020293 00116
6 433382820 1990 31 11693 434435652 2111 31 48133 435358020 2855 26 1046 436439732 2757 25 174 437400724 2749 25 462 438456196 2803 26 234 00020290 00116
6 433380324 2031 31 12011 434434692 2188 31 33355 435357972 2928 26 1028 436439908 2858 25 338 437400724 2758 25 509 438456196 2773 26 111 00020291 00116
6 433379844 1992 31 16751 434434244 2136 31 33016 435358484 2804 26 1031 436439524 2750 25 376 437400964 2742 25 718 438456372 2762 26 413 00020290 00117
6 433380932 1942 31 13520 434434756 2134 31 50321 435357796 2823 26 1852 436439956 2696 25 151 437401076 2709 25 369 438456436 2687 26 247 00020290 00116
6 433382500 1910 31 11861 434428980 2031 31 91774 435358148 2805 26 720 436439668 2661 25 290 437400580 2705 25 754 438456212 2727 26 437 00020293 00116
6 433381556 1939 31 10204 434434660 1981 31 36281 435358340 2803 26 1537 436439668 2718 25 162 437401156 2708 25 270 438455940 2748 26 236 00020289 00116
6 433381428 1940 31 12533 434432244 2106 31 40668 435357476 2860 26 1900 436439652 2722 25 292 437401716 2746 25 211 438456068 2725 26 103 00020291 00116
6 433382532 2326 31 13395 434437124 2192 31 43066 435358004 2903 26 920 436439972 2755 25 91 437401156 2785 25 476 438456196 2773 26 206 00020290 00116
6 433381316 2161 31 9550 434434660 2236 31 39307 435357636 2868 26 1384 436439524 2760 25 340 437400852 2792 25 553 438456276 2758 26 255 00020290 00116
6 433380052 2088 31 19291 434434692 2240 31 39098 435358660 2853 26 451 436439764 2749 25 118 437401316 2791 25 204 438456052 2802 26 187 00020291 00116
6 433381540 2125 31 8475 434434324 2197 31 36765 435358276 2790 26 1165 436439828 2767 25 107 437401332 2792 25 376 438456500 2792 26 188 00020290 00116
6 433379380 2121 31 11178 434432900 2242 31 36129 435358980 2889 26 667 436439812 2761 25 120 437400884 2812 25 428 438456420 2821 26 219 00020290 00116
6 433381860 1984 31 12370 434438772 2175 31 31649 435357668 2952 26 1833 436439636 2751 25 173 437401012 2778 25 181 438456260 2788 26 151 00020290 00116
6 433379828 2048 31 10651 434431716 2217 31 27638 435357636 2844 26 2005 436440116 2722 25 147 437400660 2865 25 600 438455940 2816 26 140 00020287 00116
6 433380548 2030 31 11191 434437652 2283 31 23062 435358516 2915 26 597 436440148 2742 25 420 437400804 2810 25 584 438456340 2820 26 166 00020285 00116
6 433380820 2025 31 12121 434439396 2316 31 25865 435358372 2870 26 386 436440100 2744 25 116 437400804 2824 25 724 438456132 2794 26 187 00020288 00116
6 433383364 2007 31 8158 434434980 2186 31 54760 435358052 2821 26 744 436440100 2733 25 259 437400644 2801 25 567 438456228 2805 26 321 00020289 00116
6 433381252 2002 31 9291 434436724 2258 31 19457 435358244 2871 26 576 436440324 2748 25 338 437400948 2802 25 410 438455892 2785 26 301 00020289 00116
6 433380356 1959 31 7312 434436484 2247 31 27706 435357988 2960 26 771 436439556 2810 25 174 437400820 2780 25 288 438456260 2815 26 218 00020288 00116
6 433380852 2079 31 13641 434434340 2153 31 31416 435358404 2855 26 1602 436439700 2777 25 222 437401188 2805 25 233 438456212 2850 26 157 00020288 00117
6 433382148 1987 31 10747 434439268 2229 31 27879 435358836 2877 26 363 436440052 2783 25 188 437401428 2843 25 297 438455972 2821 26 145 00020287 00116
6 433379716 2021 31 10981 434434660 2262 31 45680 435358724 2878 26 392 436439860 2746 25 446 437400868 2820 25 846 438456164 2833 26 147 00020287 00116
6 433379668 2053 31 7430 434434884 2291 31 26405 435358612 2854 26 788 436439876 2769 25 235 437401076 2869 25 524 438456244 2818 26 187 00020287 00116
6 433382804 1983 31 10240 434437508 2282 31 42770 435358500 2840 26 692 436439732 2767 25 191 437401492 2853 25 445 438456244 2827 26 98 00020287 00116
6 433383060 1957 31 14961 434432996 2190 31 44026 435358324 2871 26 882 436439636 2798 25 109 437401332 2882 25 370 438456052 2818 26 272 00020285 00116
6 433380500 1973 31 16809 434433860 2223 31 39813 435357924 2891 26 1002 436439892 2779 25 224 437400676 2819 25 239 438456276 2863 26 191 00020285 00116
6 433383268 1980 31 10254 434436900 2299 31 28725 435357844 2923 26 2097 436440100 2777 25 363 437401060 2857 25 224 438456628 2820 26 178 00020282 00116
6 433382692 2000 31 13131 434436788 2112 31 42210 435357284 2907 26 1202 436440196 2758 25 188 437400884 2855 25 525 438456244 2883 26 385 00020283 00116
6 433381908 1966 31 17827 434430340 2124 31 68403 435357700 2837 26 1883 436439620 2796 25 142 437400804 2791 25 665 438456356 2746 26 461 00020285 00116
6 433380516 1972 31 11358 434432804 2221 31 32620 435358196 2983 26 786 436439972 2784 25 295 437400580 2782 25 512 438456404 2827 26 206 00020285 00116
6 433380964 2098 31 11431 434436180 2253 31 21521 435358356 2885 26 591 436439748 2816 25 85 437401300 2810 25 353 438456212 2835 26 107 00020283 00116
6 433380436 1945 31 10640 434429780 2148 31 28414 435358404 2925 26 1085 436439764 2776 25 144 437401092 2801 25 283 438455972 2824 26 90 00020282 00116
6 433381844 1986 31 11917 434436628 2301 31 30431 435358692 2853 26 3473 436439956 2691 25 273 437401188 2695 25 289 438456212 2742 26 213 00020280 00116
6 433379108 2103 31 11756 434428676 2104 31 28752 435358596 2759 26 575 436439812 2753 25 359 437401332 2785 25 480 438456020 2762 26 144 00020282 00116
6 433382452 2082 31 10766 434435076 2284 31 33847 435357860 2865 26 772 436439572 2816 25 134 437401684 2871 25 280 438456084 2876 26 70 00020281 00116
6 433383284 2072 31 10809 434433460 2237 31 44532 435358308 2943 26 433 436439876 2793 25 136 437401076 2812 25 282 438456244 2833 26 193 00020281 00116
6 433380500 1905 31 13612 434432996 2205 31 29147 435358132 2883 26 1297 436439972 2809 25 156 437401668 2799 25 350 438456180 2809 26 230 00020280 00116
6 433383316 1927 31 14211 434435220 2137 31 51463 435358852 2835 26 873 436439748 2732 25 273 437400580 2723 25 339 438456212 2768 26 304 00020281 00116
6 433382196 1957 31 29258 434433428 2279 31 59503 435358612 2975 26 502 436439844 2782 25 201 437400772 2771 25 495 438456292 2812 26 280 00020280 00116
6 433381364 1928 31 27868 434433828 2077 31 32206 435357940 2865 26 833 436439604 2815 25 322 437401364 2812 25 231 438456068 2795 26 197 00020281 00116
6 433382500 1862 31 13030 434435972 2021 31 27727 435357924 2833 26 1343 436439860 2708 25 362 437400612 2692 25 568 438456020 2739 26 174 00020279 00116
6 433381684 2016 31 11668 434433908 2196 31 37627 435357732 2942 26 840 436440036 2844 25 162 437400980 2810 25 296 438456084 2847 26 97 00020278 00116
6 433384100 2034 31 14092 434437252 2087 31 26488 435357684 2999 26 2284 436440308 2813 25 329 437401140 2787 25 730 438456068 2841 26 183 00020278 00116
6 433381444 1976 31 13951 434427268 2099 31 54968 435357716 2823 26 1475 436439844 2728 25 384 437400884 2654 25 463 438456020 2650 26 403 00020279 00116
6 433385124 1935 31 9136 434438068 2085 31 64967 435358004 2872 26 301 436439684 2813 25 309 437401524 2693 25 245 438456132 2719 26 240 00020281 00116
6 433381908 1989 31 15235 434436628 2367 31 41017 435357796 3031 26 1219 436439988 2841 25 283 437400996 2737 25 830 438456308 2780 26 265 00020281 00116
6 433383860 1938 31 12858 434435780 2257 31 27196 435358788 2886 26 1170 436439940 2847 25 169 437401556 2793 25 294 438456532 2753 26 186 00020278 00116
6 433380644 1939 31 11762 434435652 2214 31 27574 435358116 3074 26 652 436440132 2882 25 227 437401204 2789 25 317 438456276 2749 26 288 00020280 00116
6 433380116 1957 31 13254 434434116 2258 31 42521 435358708 3033 26 925 436439812 2911 25 113 437400868 2784 25 393 438456292 2749 26 287 00020278 00116
6 433379380 1880 31 20799 434432276 2222 31 26255 435358980 3027 26 1049 436439908 2875 25 82 437401332 2720 25 377 438455908 2694 26 252 00020278 00116
6 433379908 2013 31 30661 434432756 2059 31 41970 435358132 2944 26 1316 436440020 2845 25 169 437400916 2736 25 452 438456116 2697 26 291 00020283 00116
6 433381172 1817 31 16160 434434164 2116 31 49241 435358564 2901 26 788 436440196 2784 25 317 437400916 2699 25 655 438456132 2713 26 193 00020278 00116
6 433381524 1923 31 19678 434432180 2149 31 58087 435358468 2974 26 926 436439988 2860 25 482 437401220 2729 25 260 438456084 2745 26 215 00020281 00116
6 433378852 1874 31 19856 434435476 2174 31 44646 435357268 2976 26 2235 436440148 2819 25 238 437400900 2722 25 304 438456628 2696 26 214 00020279 00116
6 433382340 1909 31 12311 434432820 2270 31 64625 435358340 3000 26 560 436439828 2831 25 165 437401220 2725 25 344 438456052 2760 26 216 00020279 00116
6 433379988 1978 31 14021 434432948 2252 31 40106 435358660 2966 26 722 436440020 2859 25 191 437401044 2763 25 398 438456212 2767 26 172 00020277 00116
6 433380980 1949 31 16586 434429604 2152 31 72951 435358036 2978 26 756 436439876 2887 25 136 437401364 2773 25 500 438456180 2784 26 330 00020279 00116
6 433381124 1855 31 19620 434426596 1934 31 81172 435358436 3083 26 1029 436440372 2985 25 191 437401124 2713 25 198 438455940 2711 26 210 00020279 00116
