6 439429924 1734 31 42 440466100 1727 31 972 441422356 2200 22 1005 442465828 2360 24 603 443416324 2382 28 800 444443012 2278 27 621 00020263 00116
6 439430644 2158 31 2146 440466036 2092 31 1506 441421620 2734 22 1059 442466116 2996 24 1104 443416708 2914 28 1318 444442884 2676 27 967 00020262 00116
6 439430228 2011 31 702 440466068 2061 31 1023 441421844 2778 22 1172 442466388 2985 24 62 443416804 2925 28 1089 444443012 2866 27 226 00020262 00116
6 439430308 2008 31 3197 440466276 2096 31 1215 441421716 3320 21 166 442466180 3556 23 163 443417252 3259 27 296 444443044 3283 26 491 00020261 00116
6 439429700 2055 31 339 440467220 2035 31 2522 441422180 3016 21 480 442466196 3267 22 298 443416308 2944 27 600 444442692 2801 26 1455 00020260 00117
6 439430324 1682 31 1131 440466068 1773 31 1060 441422276 2289 21 1201 442466420 2251 22 133 443415956 2391 27 1100 444442740 2454 26 471 00020261 00116
6 439430916 1828 31 2058 440466500 1689 31 1929 441421940 2252 21 871 442466244 2259 22 878 443417124 2448 27 729 444442820 2345 26 220 00020261 00116
6 439429812 1862 31 335 440467012 1819 31 1801 441421012 2304 21 475 442465732 2249 22 944 443416708 2421 27 1358 444444068 2310 26 1889 00020265 00116
6 439430644 1743 31 2730 440465428 1824 31 797 441421428 2409 21 532 442466260 2383 22 203 443416580 2478 27 812 444443972 2509 26 4416 00020260 00116
6 439429236 1750 31 4340 440466084 1763 31 1272 441421572 2344 21 639 442466260 2368 22 993 443416756 2439 27 311 444443332 2542 26 475 00020260 00117
6 439429844 1720 31 904 440466068 1700 31 1384 441422580 2477 21 1254 442465012 2361 22 2083 443416196 2416 27 529 444443460 2310 26 1836 00020260 00116
6 439430052 1768 31 1305 440466772 1712 31 1797 441421236 2633 21 711 442466148 2612 22 770 443416292 2524 27 510 444443460 2540 26 2902 00020261 00116
6 439429956 1943 31 2535 440466308 1827 31 980 441420788 2663 21 594 442466212 2672 22 1501 443416692 2627 27 1093 444442980 2670 26 541 00020257 00116
6 439429316 1810 31 1906 440465988 1883 31 1446 441421012 2565 21 801 442466644 2502 22 1879 443416692 2417 27 756 444443252 2355 26 832 00020259 00116
6 439430884 1987 31 2233 440465492 1801 31 2643 441421476 2551 21 1306 442466756 2562 22 236 443416372 2481 27 912 444443108 2410 26 1041 00020261 00116
6 439429796 1807 31 6768 440467316 1773 31 3328 441421492 2473 21 1300 442466276 2515 22 1104 443416068 2452 27 1017 444443620 2474 26 2725 00020263 00116
6 439431300 1736 31 6604 440466356 1767 31 3562 441421796 2475 21 1485 442466020 2557 22 837 443416372 2506 27 903 444442932 2443 26 4495 00020260 00116
6 439429092 1864 31 1944 440466564 1940 31 1644 441421812 2648 21 1050 442465828 2646 22 1503 443416708 2656 27 588 444443124 2630 26 939 00020260 00116
6 439430100 1767 31 6366 440466644 1883 31 5768 441421844 2517 21 2417 442466084 2458 22 1262 443417092 2379 27 227 444441668 2285 26 2877 00020260 00116
6 439429876 1763 31 5198 440467060 1698 31 5138 441421604 2328 21 859 442466804 2250 22 3221 443417444 2326 27 1088 444442372 2094 27 4228 00020257 00116
6 439431364 1628 31 3241 440466660 1629 31 3813 441421796 2321 21 1303 442466164 2309 22 1505 443417444 2354 27 1639 444443380 2564 27 1939 00020258 00116
6 439429828 1728 31 2190 440466948 1691 31 4424 441422132 2334 21 785 442466644 2321 22 1575 443416788 2282 27 863 444443028 2367 27 4738 00020258 00116
6 439430260 1819 31 3027 440465572 1816 31 742 441422740 2378 21 922 442466692 2481 22 295 443416660 2353 27 1041 444443076 2484 27 892 00020259 00116
6 439429444 1837 31 3928 440465588 1828 31 2253 441416020 2588 21 260791 442466052 2521 22 1470 443416180 2541 27 1066 444442356 2641 27 1317 00020259 00116
6 439430868 1754 31 791 440465508 1844 31 2754 441420868 2657 21 309 442466420 2649 22 1176 443416580 2689 27 552 444443252 2915 27 875 00020259 00116
6 439429380 1827 31 3044 440467748 1813 31 3646 441421476 2591 21 573 442465492 2495 22 3349 443416852 2476 27 659 444443508 2711 27 1734 00020252 00116
6 439430804 1789 31 3146 440465236 1849 31 4256 441421540 2327 21 907 442467412 2352 22 980 443416356 2430 27 1262 444443028 2710 27 4969 00020254 00116
6 439429988 1812 31 5209 440466148 1685 31 6445 441421156 2444 21 1441 442466676 2405 22 2235 443416356 2396 27 1142 444442740 2661 27 675 00020252 00116
6 439430484 1868 31 2368 440466404 1811 31 4779 441421892 2463 21 2117 442466756 2521 22 1905 443417156 2770 27 1026 444444116 2811 27 1446 00020258 00116
6 439430260 1931 31 7124 440466148 1949 31 4601 441421220 2553 21 1615 442466388 2587 22 397 443417124 2786 27 633 444443172 2966 27 2345 00020255 00116
6 439430612 1866 31 1661 440465524 1816 31 4871 441422212 2462 21 807 442466260 2463 22 958 443416612 2506 27 581 444443252 2550 27 538 00020256 00116
6 439429924 1701 31 3328 440464964 1638 31 6097 441421124 2135 22 2788 442466852 2085 23 1668 443416660 1980 28 2575 444442548 1999 28 4376 00020257 00116
6 439429572 1531 31 5421 440465028 1564 31 1724 441421892 2015 23 1569 442466052 2051 24 1171 443416580 1804 29 1002 444443540 1914 29 2913 00020254 00116
6 439430500 1564 31 5391 440466036 1429 31 4232 441421764 2254 23 2229 442465588 1990 25 1493 443416484 2076 30 997 444443364 1818 30 3327 00020252 00116
6 439429428 1495 31 3801 440465732 1464 31 928 441422052 2002 24 2466 442466516 2251 25 965 443417732 1732 31 4455 444442852 2111 31 3466 00020256 00117
6 439431556 1326 31 2327 440464804 1510 31 5918 441422132 2194 24 1786 442466340 2138 26 1193 443416628 1868 31 1317 444443396 1826 31 1664 00020259 00117
6 439430132 1440 31 10111 440465956 1367 31 4699 441421444 2140 25 831 442466036 2472 26 1721 443417012 1982 31 2752 444443812 1891 31 7916 00020257 00120
6 439430884 1348 31 2671 440464372 1456 31 2426 441422804 2452 25 1550 442466756 2470 26 520 443415172 2060 31 2379 444443508 2052 31 2695 00020255 00123
6 439429604 1409 31 2672 440467156 1326 31 4930 441422196 2431 25 1411 442465236 2392 26 1724 443417732 1828 31 3104 444442500 2107 31 5367 00020258 00118
6 439430452 1264 31 7216 440465156 1224 31 1861 441421796 2363 25 1040 442467492 2442 26 1905 443417108 1822 31 655 444443924 2055 31 3707 00020256 00119
6 439429508 1385 31 3480 440464340 1448 31 3791 441422292 2477 25 1205 442466516 2441 26 324 443416068 1948 31 3854 444444500 1883 31 5534 00020259 00123
6 439429956 1239 31 3105 440464324 1405 31 7067 441421892 2487 25 594 442466212 2306 26 131 443415988 1903 31 3091 444442788 1801 31 5432 00020253 00129
6 439430244 1321 31 2130 440465012 1370 31 757 441421924 2475 25 542 442466132 2490 26 1018 443416356 1910 31 1458 444443284 2139 31 385 00020256 00163
6 439429140 1448 31 2283 440466020 1548 31 1054 441421972 2392 25 814 442465572 2434 26 1187 443417108 2051 31 982 444442756 2144 31 1769 00020256 00116
6 439430292 1341 31 9916 440465316 1596 31 3042 441421716 2438 25 499 442466164 2403 26 1120 443417124 1970 31 936 444443684 1991 31 1754 00020254 00116
6 439430180 1467 31 1843 440465780 1336 31 2441 441421492 2361 25 451 442466516 2353 26 1889 443416148 1942 31 1510 444444372 2004 31 2434 00020253 00116
6 439430420 1513 31 4118 440466340 1485 31 2924 441422132 2383 25 1816 442466356 2351 26 449 443417172 1838 31 779 444442692 2004 31 2928 00020251 00116
6 439431668 1405 31 6989 440465700 1537 31 2287 441421828 2545 25 592 442466148 2392 26 1216 443416900 1997 31 2269 444443252 1968 31 1585 00020250 00116
6 439430084 1431 31 1554 440465268 1541 31 3404 441421828 2812 25 489 442466324 2714 26 496 443417092 2142 31 1212 444442788 2067 31 6567 00020252 00116
6 439429172 1572 31 7238 440465124 1729 31 5395 441421364 3117 25 341 442465956 3066 26 823 443416516 2316 31 504 444442964 2590 31 4179 00020249 00116
6 439430436 1814 31 2967 440465444 1783 31 3892 441421764 3181 25 203 442466596 3203 25 64 443416772 2570 31 526 444444212 2578 31 920 00020251 00116
6 439430356 1486 31 5194 440465748 1675 31 11277 441421716 3162 25 476 442466228 2918 25 710 443416964 2444 31 864 444443156 2495 31 751 00020246 00116
6 439427732 1426 31 9115 440466884 1560 31 3098 441422004 3065 25 653 442466308 2743 25 1591 443417348 2615 31 2018 444443716 2236 31 2707 00020249 00116
6 439430612 1778 31 2562 440465604 1719 31 13532 441421684 3044 25 467 442466516 2923 25 608 443416340 2351 31 1989 444442852 2440 31 3591 00020248 00116
6 439428884 1606 31 1555 440465044 1568 31 12576 441422020 3078 25 488 442465876 2776 25 708 443416948 2434 31 1947 444442580 2499 31 5732 00020251 00116
6 439431284 1938 31 21751 440467300 1451 31 4596 441421636 3081 25 422 442466804 2857 25 280 443417076 2482 31 2653 444442804 2522 31 473 00020249 00116
6 439429764 1660 31 7875 440465572 1570 31 3485 441422084 2974 25 987 442465860 2701 25 695 443417236 2089 31 1447 444443140 2329 31 2913 00020247 00116
6 439429220 1651 31 8289 440464100 1750 31 9328 441421828 2952 25 291 442466196 2856 25 526 443416900 2189 31 1192 444441972 2113 31 3631 00020251 00116
6 439430068 1506 31 4388 440465684 1571 31 8693 441421876 3007 25 487 442466564 2773 25 430 443416772 2400 31 2795 444443268 2392 31 910 00020248 00116
6 439429540 1773 31 1284 440465476 1812 31 4268 441421652 3287 24 500 442465940 2967 25 604 443417012 2202 31 212 444443476 2369 31 7754 00020251 00116
6 439429204 1599 31 9568 440467412 1775 31 5784 441421460 3166 24 482 442466068 3086 25 1366 443416820 2496 31 1024 444443620 2365 31 951 00020248 00116
6 439429396 1545 31 5747 440467268 1694 31 10841 441422212 3057 24 471 442465764 3030 25 570 443415796 2267 31 3273 444442324 2243 31 5161 00020250 00116
6 439430004 1838 31 9316 440465364 1733 31 635 441421908 2668 24 1002 442466916 2625 25 2073 443418980 2008 31 4080 444442452 2057 31 3735 00020248 00116
6 439430228 1791 31 1798 440465444 1798 31 3029 441423124 2495 24 1746 442466532 2466 25 1175 443415284 1736 31 21929 444443972 1609 31 2103 00020248 00116
6 439430772 1830 31 870 440465668 1810 31 2421 441422036 2477 24 1461 442466596 2332 25 889 443415988 1729 31 3963 444443428 1808 31 9992 00020248 00117
6 439428180 1682 31 2493 440466052 1579 31 1018 441421684 2314 24 906 442465332 2583 25 2437 443417860 1710 31 2257 444439012 1961 31 9127 00020247 00116
6 439429524 1403 31 2361 440465652 1616 31 5887 441421476 2410 24 363 442466580 2275 25 3708 443416580 2058 31 2586 444443524 2060 31 934 00020251 00116
6 439429348 1499 31 1000 440466404 1645 31 2806 441421876 2398 24 1592 442465764 2385 25 4236 443417780 2042 31 1686 444441636 2216 31 5102 00020246 00116
6 439430740 1768 31 4913 440466004 1631 31 7212 441421140 2487 24 1501 442466260 2376 25 2171 443416420 2204 31 4395 444443492 1935 31 7883 00020248 00117
6 439430196 1711 31 10354 440466452 1675 31 2494 441421348 2510 24 1500 442466484 2418 25 1280 443417316 2181 31 1742 444442548 2268 31 1009 00020250 00116
6 439430404 1691 31 3191 440465492 1484 31 6358 441422052 2409 24 1948 442465764 2341 25 2285 443416900 1742 31 986 444443268 1894 31 2885 00020246 00118
6 439430820 1664 31 2048 440463380 1584 31 6424 441422932 2393 24 1596 442465908 2336 25 603 443417892 1770 31 6794 444445556 2006 31 7845 00020244 00116
6 439431684 1426 31 4152 440465492 1584 31 9082 441421364 2484 24 726 442466820 2369 25 847 443416308 1775 31 3026 444443844 2098 31 3207 00020248 00117
6 439429844 1580 31 6321 440465796 1666 31 4242 441423108 2408 24 2089 442466836 2325 25 750 443416260 1777 31 5249 444441748 1748 31 14306 00020247 00116
6 439426916 1471 31 10272 440466004 1460 31 8417 441422068 2275 24 1716 442464900 2356 25 4170 443418404 1815 31 7216 444442420 1788 31 7568 00020245 00118
6 439429284 1507 31 492 440468036 1618 31 4732 441422116 2343 24 707 442465748 2411 25 1186 443418004 1978 31 1805 444442804 1606 31 4005 00020245 00117
6 439431028 1757 31 4008 440465140 1403 31 4617 441421332 2528 24 733 442467316 2414 25 916 443416564 1744 31 2119 444443620 1817 31 3154 00020248 00116
6 439429716 1654 31 9658 440463412 1617 31 8111 441421668 2361 24 1755 442466564 2384 25 157 443416388 1942 31 1911 444443028 1733 31 3241 00020246 00117
6 439430884 1431 31 9549 440466804 1515 31 3299 441422372 2392 24 1069 442466484 2418 25 818 443416452 2197 31 6948 444443476 2159 31 624 00020245 00118
6 439429828 1462 31 7453 440465284 1444 31 11841 441421796 2459 24 1169 442466452 2448 25 1804 443417076 1975 31 7663 444443508 2011 31 3322 00020244 00118
6 439430372 1463 31 1373 440465764 1240 31 13804 441421524 2329 24 1608 442467300 2397 25 1398 443417316 1743 31 2757 444444324 2124 31 4045 00020247 00121
6 439429780 1563 31 363 440461828 1538 31 9768 441422404 2341 24 1979 442465732 2424 25 1635 443415988 2074 31 3277 444443268 2133 31 2918 00020245 00119
6 439429300 1410 31 1390 440465732 1511 31 834 441422180 2324 24 1179 442467124 2407 25 751 443417492 2005 31 2985 444443140 1949 31 4794 00020245 00128
6 439429284 1424 31 2936 440465108 1539 31 3407 441421892 2299 24 634 442466100 2327 25 273 443416068 1773 31 2044 444442676 1969 31 205 00020245 00137
6 439430884 1598 31 2292 440463956 1417 31 3390 441422548 2313 24 3762 442466932 2162 26 778 443415748 1839 31 2797 444443108 1715 31 6529 00020246 00119
6 439429460 1639 31 204 440465108 1465 31 7650 441423220 2251 24 1455 442465956 2392 26 1155 443416404 2055 31 3888 444443460 2089 31 3550 00020243 00122
6 439430692 1491 31 4896 440466660 1420 31 3574 441422164 2282 24 1306 442465316 2366 26 1496 443417140 1963 31 1200 444442388 1817 31 2852 00020244 00148
6 439429668 1240 31 457 440466948 1449 31 3936 441421508 2223 24 1049 442466260 2430 26 751 443417732 1854 31 376 444442900 1820 31 545 00020245 00150
6 439428740 1598 31 14389 440467252 1494 31 3983 441421620 2238 24 1149 442465796 2552 26 876 443417620 1909 31 1904 444443492 1797 31 1813 00020246 00116
6 439430580 1331 31 1753 440463044 1732 31 6514 441422276 2313 24 1587 442466324 2418 26 123 443415396 2202 31 2463 444443028 2051 31 1277 00020243 00116
6 439429892 1746 31 3042 440465268 1541 31 3069 441421732 2420 24 761 442466340 2651 26 956 443417140 2161 31 626 444442212 2349 31 8592 00020243 00116
6 439429876 1547 31 528 440465092 1593 31 1366 441422340 2362 24 1088 442466388 2656 26 133 443416036 2406 31 1505 444443364 2206 31 767 00020245 00117
6 439430196 1694 31 2471 440466676 1407 31 4640 441422340 2155 25 1758 442466148 2297 26 1189 443416628 2043 31 3499 444443556 2184 31 604 00020245 00118
6 439428436 1541 31 3117 440465972 1267 31 1959 441421796 2215 25 649 442466116 2269 26 1297 443418628 1818 31 1842 444442420 1691 31 5454 00020244 00117
6 439430660 1365 31 427 440464932 1634 31 3006 441422276 2577 25 736 442466388 2479 26 186 443416836 1659 31 538 444444900 1766 31 4971 00020244 00117
6 439429156 1572 31 647 440466564 1639 31 4633 441421924 2891 25 585 442466260 2895 26 664 443416212 2039 31 4121 444443028 1922 31 718 00020244 00116
6 439430676 1711 31 3216 440465588 1880 31 1949 441421508 3174 25 489 442466228 3221 25 609 443417076 2203 31 1386 444442724 2411 31 3148 00020242 00116
6 439429860 1679 31 3084 440465860 1826 31 2685 441421428 3181 25 411 442466724 2912 25 197 443417348 2324 31 2809 444443076 2093 31 4393 00020241 00116
6 439428772 1872 31 4380 440466660 1712 31 2103 441421844 3112 25 584 442466132 2860 25 266 443416308 2224 31 3737 444443028 2257 31 8417 00020240 00116
6 439430852 1704 31 1418 440465476 1683 31 3227 441421428 3058 25 621 442466564 2784 25 1039 443417012 2205 31 1096 444444276 2111 31 1925 00020247 00116
6 439430484 1770 31 3007 440466516 1566 31 4530 441421620 3101 25 783 442466212 2853 25 117 443417316 2180 31 2517 444443236 2196 31 3363 00020240 00116
6 439429860 1663 31 4452 440465924 1855 31 2158 441421364 3202 24 379 442466692 2920 25 294 443415812 2269 31 1611 444443940 2218 31 3387 00020243 00116
6 439430388 1896 31 2569 440466020 1640 31 435 441421620 2811 24 791 442466516 2820 25 392 443416788 2363 31 244 444442372 2663 31 894 00020245 00116
6 439429604 1570 31 2066 440466276 1671 31 558 441421956 2684 24 290 442466356 2649 25 762 443416836 2426 31 995 444442836 2463 31 1318 00020240 00116
6 439429844 1592 31 1048 440465124 1619 31 2427 441421924 2592 24 496 442466244 2664 25 489 443415508 2381 31 1552 444443252 2581 31 2363 00020244 00116
6 439428916 1655 31 1969 440466916 1489 31 1405 441421412 2594 24 529 442465588 2585 25 1200 443416660 2153 31 424 444443220 2313 31 1060 00020243 00117
6 439430484 1511 31 988 440465716 1534 31 4150 441422244 2627 24 1000 442466612 2564 25 413 443416580 2181 31 499 444443316 2264 31 1865 00020245 00116
6 439430420 1666 31 3237 440464692 1652 31 1735 441421284 2813 24 509 442466676 2764 25 386 443416340 2278 31 377 444443028 2372 31 3847 00020244 00116
6 439430084 1650 31 2605 440464452 1765 31 3394 441421300 2710 24 477 442466292 2652 25 815 443416276 2486 31 753 444442772 2469 31 360 00020241 00116
