6 439430196 1415 31 1601 440465012 1501 31 940 441421764 2564 24 740 442466708 2436 25 1249 443416292 2327 31 1561 444443748 2337 31 848 00020242 00116
6 439429524 1672 31 2691 440466052 1307 31 1071 441421156 2419 24 677 442466020 2433 25 937 443416468 2343 31 785 444442468 2270 31 2975 00020244 00116
6 439429428 1394 31 3039 440466548 1452 31 2883 441421476 2520 24 322 442466324 2374 25 1235 443416740 2281 31 892 444443092 2482 31 1578 00020242 00117
6 439429748 1493 31 2340 440465092 1551 31 2437 441422212 2425 24 500 442466324 2462 25 634 443417060 2277 31 160 444444212 2329 31 2301 00020242 00116
6 439429332 1620 31 2332 440466612 1492 31 2012 441421156 2407 24 699 442466324 2368 25 1265 443416964 2314 31 246 444442292 2473 31 1674 00020239 00116
6 439429844 1609 31 2152 440466356 1542 31 4143 441422548 2386 24 1148 442465780 2517 25 1829 443416612 2485 31 1952 444443268 2269 31 1035 00020239 00116
6 439431092 1644 31 1993 440465028 1631 31 1218 441421012 2408 24 1304 442466724 2271 25 1150 443416132 2189 31 537 444442516 2435 31 1961 00020242 00116
6 439430276 1612 31 4024 440466964 1442 31 3309 441421748 2420 24 826 442466084 2398 25 1731 443416532 2316 31 752 444442484 2566 31 871 00020244 00116
6 439429892 1581 31 482 440466308 1440 31 3089 441422308 2297 24 1118 442466836 2310 25 556 443416292 2264 31 1680 444443684 2223 31 1689 00020238 00116
6 439430148 1555 31 1977 440466324 1384 31 2323 441421204 2344 24 496 442466052 2352 25 708 443417044 2261 31 1124 444442932 2202 31 1261 00020237 00116
6 439430564 1674 31 3932 440465444 1507 31 1681 441421764 2392 24 783 442465652 2415 25 1517 443417012 2199 31 857 444442804 2408 31 239 00020239 00116
6 439430532 1617 31 2711 440465860 1668 31 2547 441420836 2494 24 214 442466292 2528 25 327 443416964 2368 31 1025 444442116 2505 31 4376 00020238 00116
6 439428948 1370 31 4186 440467492 1368 31 2295 441421716 2452 24 218 442465908 2372 25 1546 443417028 2351 31 2008 444443620 2275 31 900 00020238 00116
6 439430356 1296 31 1401 440464548 1480 31 2211 441421604 2467 24 741 442466164 2411 25 262 443415780 2391 31 1747 444444452 2298 31 1560 00020239 00117
6 439431428 1513 31 2280 440466132 1525 31 873 441421172 2459 24 408 442467012 2495 25 556 443415732 2119 31 762 444442484 2450 31 533 00020238 00116
6 439429988 1441 31 255 440465828 1517 31 3286 441422340 2493 24 822 442465780 2441 25 533 443416532 2117 31 1520 444443540 2104 31 943 00020234 00116
6 439430740 1710 31 2409 440465156 1519 31 1135 441421524 2503 24 810 442466196 2470 25 317 443415988 2059 31 748 444443028 2109 31 191 00020237 00117
6 439430980 1662 31 2492 440465220 1524 31 821 441421076 2599 24 224 442466436 2567 25 247 443416180 2153 31 666 444442500 2354 31 1466 00020235 00116
6 439429540 1511 31 1879 440465972 1660 31 1167 441422212 2635 24 592 442466340 2581 25 88 443416740 2275 31 668 444443380 2311 31 294 00020237 00116
6 439429444 1638 31 466 440466788 1560 31 1937 441421828 2577 24 461 442466132 2653 25 305 443416916 2476 31 1540 444442820 2312 31 1403 00020237 00116
6 439430068 1704 31 1449 440466420 1496 31 974 441421668 2609 24 715 442466052 2596 25 913 443415668 2369 31 902 444443012 2560 31 269 00020240 00117
6 439430628 1681 31 1750 440466068 1531 31 1570 441421220 2722 24 721 442466692 2596 25 587 443415588 2397 31 1936 444442692 2450 31 373 00020234 00116
6 439430356 1675 31 3767 440466116 1624 31 2167 441421316 2739 24 539 442466724 2680 25 303 443417012 2200 31 1050 444442100 2453 31 3394 00020235 00116
6 439429940 1514 31 1848 440466100 1564 31 3523 441422532 2584 24 494 442466148 2545 25 138 443416436 2198 31 990 444443812 2226 31 2070 00020236 00116
6 439429748 1510 31 4135 440466756 1273 31 1248 441421572 2563 24 810 442466660 2596 25 1521 443417364 2383 31 504 444443204 2423 31 640 00020234 00116
6 439430148 1663 31 1649 440466484 1485 31 3972 441421764 2545 24 651 442466612 2515 25 270 443416868 2195 31 655 444443716 2464 31 1613 00020235 00116
6 439429828 1547 31 5023 440466692 1454 31 1501 441421620 2548 24 384 442464628 2628 25 1849 443417092 2200 31 752 444442612 2130 31 1331 00020232 00116
6 439429396 1629 31 1708 440466228 1426 31 1538 441421668 2586 24 242 442465988 2558 25 549 443416644 2274 31 779 444442676 2319 31 752 00020234 00116
6 439430164 1696 31 1086 440467300 1584 31 4199 441421556 2631 24 506 442466132 2627 25 1327 443416900 2304 31 213 444443172 2250 31 3506 00020231 00116
6 439430020 1716 31 2592 440466420 1735 31 1759 441421508 2684 24 705 442466676 2629 25 717 443416516 2413 31 2090 444443684 2444 31 1225 00020234 00116
6 439429668 1657 31 1730 440466564 1507 31 3500 441421652 2609 24 529 442466260 2643 25 350 443417028 2216 31 772 444442708 2306 31 2453 00020236 00116
6 439429636 1777 31 1248 440466196 1725 31 3504 441422548 2575 24 642 442466580 2591 25 144 443416292 2248 31 776 444444772 2243 31 2343 00020232 00116
6 439429844 1470 31 1221 440465940 1515 31 1059 441421460 2498 24 244 442466052 2489 25 449 443416484 2264 31 956 444443604 2438 31 2515 00020236 00116
6 439429908 1332 31 2532 440466308 1364 31 2623 441422084 2292 24 1082 442465428 2247 25 1455 443416516 1972 31 507 444443716 2160 31 2362 00020235 00116
6 439429732 1328 31 1879 440463684 1517 31 3184 441422004 2311 24 1730 442466644 2245 25 590 443415764 2080 31 2495 444443956 1831 31 5530 00020237 00117
6 439430164 1484 31 1662 440465732 1362 31 1287 441421812 2230 24 955 442465908 2278 25 676 443416564 1800 31 593 444442244 1874 31 7649 00020231 00116
6 439431364 1480 31 2160 440465652 1332 31 262 441421140 2293 24 418 442467284 2294 25 248 443416804 1968 31 436 444443188 2143 31 4852 00020236 00117
6 439429860 1365 31 325 440465540 1247 31 888 441422084 2317 24 863 442466292 2286 25 2063 443416596 2163 31 1318 444443940 2123 31 3238 00020234 00116
6 439428980 1570 31 3101 440466420 1264 31 560 441421604 2243 24 162 442466356 2300 25 2980 443416916 1770 31 560 444441652 2203 31 3713 00020229 00116
6 439430292 1500 31 416 440464292 1346 31 1997 441421780 2280 24 626 442466276 2196 25 447 443415892 1811 31 1592 444444324 2067 31 1673 00020231 00119
6 439431364 1567 31 2173 440465940 1301 31 456 441421220 2228 24 545 442466596 2320 25 682 443416836 2022 31 1356 444442388 1877 31 5439 00020233 00116
6 439430308 1333 31 1563 440466292 1282 31 1858 441422084 2324 24 1295 442466484 2207 25 386 443416212 2088 31 1377 444444468 2022 31 2350 00020234 00117
6 439430276 1432 31 5644 440465924 1295 31 3870 441421988 2322 24 1132 442466452 2359 25 1213 443416356 1824 31 1362 444442372 2029 31 1035 00020234 00118
6 439429588 1434 31 1986 440464932 1352 31 1364 441421636 2248 24 696 442466164 2272 25 715 443416756 1910 31 1095 444443604 2089 31 1204 00020229 00119
6 439430900 1460 31 5151 440465508 1266 31 1695 441421796 2228 24 586 442465860 2331 25 2475 443417604 2048 31 658 444442788 1987 31 1465 00020230 00119
6 439430420 1205 31 3016 440465444 1403 31 334 441421588 2230 24 1096 442466516 2181 25 220 443416804 1721 31 306 444444484 1897 31 2396 00020233 00126
6 439429364 1272 31 3306 440465812 1353 31 5432 441422052 2148 25 886 442465812 2151 26 612 443416676 1908 31 3010 444443892 1848 31 1399 00020231 00118
6 439430036 1317 31 527 440465876 1339 31 2114 441421300 2400 25 703 442466548 2338 26 583 443416484 1873 31 2093 444442292 1759 31 6493 00020231 00116
6 439430628 1454 31 220 440466292 1358 31 1151 441421508 2420 25 548 442466452 2266 26 1544 443417124 1685 31 1730 444443236 1951 31 765 00020231 00116
6 439430276 1248 31 433 440465716 1158 31 342 441421700 2206 25 269 442466340 2178 26 686 443416356 1598 31 877 444443460 1731 31 622 00020229 00172
6 439430740 1529 31 1121 440465380 1156 31 643 441421332 2346 25 334 442466996 2320 26 1527 443417124 1677 31 174 444442260 2094 31 4969 00020230 00119
6 439430196 1197 31 612 440464980 1543 31 1889 441421924 2412 25 708 442466244 2305 26 180 443415940 1943 31 3481 444443780 1793 31 1437 00020232 00117
6 439430148 1474 31 1748 440465940 1296 31 928 441421908 2381 25 424 442465716 2386 26 1827 443417332 1877 31 546 444442708 2137 31 470 00020232 00118
6 439431396 1276 31 1293 440465124 1334 31 3441 441421108 2620 25 606 442466308 2382 26 2001 443416308 1888 31 1160 444443252 2142 31 924 00020230 00121
6 439429508 1439 31 1446 440465348 1422 31 2175 441421364 2631 25 302 442466100 2725 26 1288 443417396 2109 31 790 444443220 2141 31 4043 00020230 00117
6 439429796 1258 31 384 440466196 1257 31 804 441421684 2704 25 444 442465892 2735 26 352 443416788 2075 31 1408 444443252 2157 31 2823 00020229 00119
6 439430116 1579 31 721 440465444 1451 31 4351 441421844 2814 25 583 442466068 2802 26 362 443416532 2082 31 992 444443012 1935 31 2025 00020232 00117
6 439430020 1515 31 1586 440464964 1518 31 708 441421428 2813 25 189 442466036 2834 26 504 443415700 2166 31 3285 444443524 2262 31 2351 00020229 00122
6 439430292 1373 31 1004 440465124 1448 31 2366 441422052 2825 25 735 442465876 2842 26 240 443415844 2106 31 3259 444442500 2189 31 2905 00020231 00121
6 439429604 1451 31 3159 440465668 1488 31 923 441421524 2753 25 400 442466372 2801 26 189 443416676 1918 31 1124 444443668 2000 31 5316 00020230 00120
6 439430036 1454 31 748 440465940 1402 31 1751 441421844 2779 25 749 442466372 2783 26 188 443416708 2324 31 1212 444442468 2344 31 1747 00020231 00130
6 439429892 1598 31 529 440465220 1292 31 2926 441421796 2919 25 196 442466500 2899 26 220 443416388 2153 31 729 444443476 2322 31 434 00020229 00185
6 439430532 1613 31 856 440464836 1383 31 966 441421444 2915 25 819 442466452 2955 26 516 443416804 2108 31 927 444444164 2255 31 2530 00020230 00135
6 439429380 1488 31 2009 440465012 1368 31 2434 441421572 2912 25 548 442465668 2967 26 443 443415972 2119 31 576 444442804 2167 31 4094 00020229 00128
6 439428468 1384 31 2688 440466276 1423 31 1414 441421316 2945 25 388 442466548 3004 26 513 443416340 2288 31 1629 444444164 2376 31 2192 00020228 00129
6 439430500 1364 31 1543 440465620 1354 31 3214 441421860 2892 25 243 442465988 2938 26 427 443416516 2227 31 2654 444442820 2384 31 411 00020228 00129
6 439430180 1403 31 2451 440466628 1271 31 2701 441421588 2940 25 389 442466500 2969 26 133 443417316 2317 31 1016 444443188 2311 31 2167 00020228 00144
6 439429012 1307 31 1258 440466084 1309 31 727 441421364 3024 25 492 442466004 2994 26 379 443416772 2106 31 1034 444443268 2416 31 372 00020228 00125
6 439430052 1464 31 2067 440465556 1362 31 1997 441421636 3220 24 386 442466356 3199 26 271 443416852 2299 31 611 444442180 2328 31 9831 00020228 00147
6 439429988 1523 31 2534 440465620 1421 31 2617 441421588 2923 24 426 442466644 3274 25 357 443416740 2765 31 469 444443236 2717 31 2000 00020228 00121
