2 433402420 1832 31 682 434445492 2585 31 935 00020174 00116
2 433402372 1905 31 1009 434445636 2921 31 2070 00020172 00119
2 433402788 1927 31 2719 434445060 2679 31 225 00020173 00117
2 433403460 1888 31 1766 434445460 2482 31 375 00020177 00117
2 433402772 2712 31 1310 434444772 2407 31 513 00020173 00118
2 433402868 1842 31 1004 434445300 2386 31 561 00020175 00117
2 433403284 1938 31 527 434445492 2495 31 688 00020177 00116
2 433403972 2101 31 4166 434445348 2596 31 212 00020178 00116
2 433403044 1915 31 1646 434445332 2489 31 186 00020174 00119
2 433403796 2389 31 1558 434444980 2614 31 817 00020174 00118
2 433402452 1854 31 1209 434445188 2480 31 413 00020172 00118
2 433402964 2343 31 958 434446884 2582 31 10634 00020177 00118
2 433403140 1952 31 3481 434445828 2477 31 3912 00020175 00116
2 433403492 2840 31 1912 434445140 2511 31 798 00020176 00118
2 433402996 1846 31 1227 434445924 2537 31 794 00020172 00118
2 433401428 2147 31 2490 434445428 2263 31 1393 00020175 00119
2 433403508 2292 31 7012 434445780 2219 31 930 00020176 00118
2 433402388 1658 31 5505 434445716 2311 31 568 00020178 00117
2 433402484 1783 31 1153 434444804 2445 31 1625 00020176 00121
2 433403604 2636 31 1599 434446180 2787 31 4859 00020176 00118
2 433403428 2455 31 1981 434446372 2824 31 7171 00020176 00119
2 433404052 1931 31 2697 434445508 2948 31 1506 00020175 00118
2 433403028 2345 31 1244 434445476 2315 31 1487 00020172 00116
2 433402532 2368 31 2338 434446020 2700 31 6057 00020172 00116
2 433403732 2238 31 6109 434445812 2397 31 530 00020176 00116
2 433402852 2684 31 2353 434446212 2324 31 5897 00020175 00118
2 433402644 1739 31 1536 434445236 2759 31 2754 00020174 00119
2 433403444 2777 31 1701 434445364 2402 31 1321 00020174 00119
2 433402996 1813 31 1012 434445428 2410 31 1052 00020173 00117
2 433403332 2181 31 2336 434445076 3046 31 1315 00020174 00117
2 433403156 2043 31 1439 434445156 2909 31 874 00020173 00119
2 433403156 2773 31 1701 434444772 3145 31 4908 00020173 00116
2 433402356 2201 31 2469 434445092 2598 31 1592 00020174 00116
2 433403444 2151 31 2549 434443892 2669 31 1869 00020175 00118
2 433403140 2157 31 1237 434444532 2671 31 908 00020176 00117
2 433403444 2867 31 1856 434445012 3246 30 660 00020176 00116
2 433402660 2271 31 315 434445556 2348 30 1269 00020180 00116
2 433402676 2446 31 3218 434445556 2402 30 5546 00020175 00116
2 433403492 2196 31 1066 434444852 3094 30 385 00020173 00116
2 433402948 2127 31 1960 434444964 2457 30 780 00020173 00116
2 433403572 2674 31 2574 434444852 2448 30 1109 00020175 00118
2 433403556 2615 31 2202 434445220 2966 30 384 00020176 00118
2 433403844 2240 31 1329 434445092 2445 30 223 00020175 00117
2 433403508 1980 31 1240 434445044 2856 30 2926 00020174 00118
2 433402804 2087 31 3783 434446164 2881 30 8246 00020176 00117
2 433403300 2016 31 3100 434445652 2273 30 841 00020177 00116
2 433403028 2050 31 472 434445348 2285 30 1226 00020176 00116
2 433403108 2005 31 651 434445572 2524 30 614 00020173 00117
2 433402740 2407 31 817 434444980 3134 30 1554 00020178 00117
2 433402804 2808 31 434 434445892 2584 30 2783 00020176 00118
2 433403300 2620 31 1654 434445492 2499 30 754 00020172 00116
2 433403796 2108 31 3651 434445460 2376 30 657 00020176 00117
2 433402500 2005 31 1798 434445172 2723 30 1012 00020181 00116
2 433402740 2846 31 1731 434445348 2360 30 1439 00020177 00119
2 433403108 2176 31 2362 434445844 2465 30 1750 00020177 00116
2 433404068 2733 31 4639 434445556 3156 30 773 00020175 00116
2 433402404 2283 31 3672 434445844 2496 30 543 00020176 00116
2 433403476 2112 31 1211 434445252 2828 30 1116 00020176 00116
2 433403124 2720 31 461 434446036 2486 30 6831 00020176 00116
2 433401540 2932 31 5536 434445604 2698 30 8060 00020176 00120
2 433403060 2809 31 1171 434445012 2554 30 1882 00020177 00116
2 433403476 2342 31 4322 434444836 2834 30 646 00020176 00116
2 433403268 2427 31 445 434444836 2517 30 986 00020176 00118
2 433402772 2453 31 308 434445108 3343 29 10252 00020176 00116
2 433401044 2610 31 3771 434445540 2238 29 2603 00020175 00117
2 433403860 2659 31 2102 434445268 2983 29 3125 00020179 00116
2 433403028 2428 31 981 434445460 2513 29 415 00020177 00116
2 433402004 2438 31 4602 434445140 2349 29 482 00020177 00116
2 433403844 2550 31 863 434444740 2331 29 854 00020176 00117
2 433403380 3160 31 608 434445700 2639 29 9213 00020177 00118
2 433401396 2789 31 6940 434445060 2300 29 279 00020176 00116
2 433403700 2532 31 2566 434445364 2354 29 1308 00020178 00116
2 433402964 2272 31 1553 434445108 2365 29 741 00020176 00117
2 433403060 2325 31 1203 434445252 2480 29 743 00020179 00118
2 433403380 2397 31 444 434445332 2179 29 1008 00020177 00117
2 433403332 2186 31 465 434445300 2385 29 980 00020174 00116
2 433402372 2249 31 1766 434444388 2260 29 1496 00020174 00116
2 433403428 2386 31 2036 434445364 2209 29 733 00020178 00118
2 433403844 2173 31 1558 434445652 2245 29 513 00020175 00116
2 433402308 2601 31 3824 434445316 2690 29 1418 00020175 00119
2 433402900 2898 31 864 434445092 2249 29 513 00020178 00117
2 433402500 2144 31 2137 434445236 2332 29 1343 00020177 00116
2 433403364 3079 31 715 434445188 2400 29 1014 00020176 00117
2 433402804 2344 31 710 434444596 3256 28 4175 00020174 00116
2 433403412 2546 31 591 434444772 2354 28 612 00020177 00119
2 433403396 2712 31 1389 434444660 2537 28 1979 00020177 00118
2 433402964 2383 31 436 434445396 2124 29 375 00020177 00118
2 433403108 2730 31 1130 434444884 2427 29 524 00020178 00121
2 433402836 2301 31 3863 434445236 2371 29 378 00020175 00117
2 433403844 2658 31 1366 434444596 2282 29 423 00020174 00117
2 433402292 2304 31 1478 434446036 2602 29 651 00020181 00117
2 433402884 2380 31 873 434445444 2326 29 863 00020177 00117
2 433402228 2435 31 4456 434445172 2816 29 6081 00020176 00118
2 433403124 2341 31 936 434444404 2839 29 2092 00020178 00118
2 433403716 2330 31 373 434445508 2968 29 1891 00020176 00117
2 433402500 2230 31 536 434445380 2283 29 917 00020179 00117
2 433402372 2638 31 2635 434445524 2387 29 1055 00020177 00117
2 433403268 2269 31 747 434446100 2725 29 4934 00020174 00117
2 433402852 2303 31 2508 434445668 2276 29 4421 00020176 00118
2 433403476 2637 31 1735 434444676 2257 29 634 00020178 00118
2 433403188 3036 31 4291 434445524 2871 29 947 00020177 00117
2 433403844 2873 31 491 434445316 2381 29 571 00020177 00117
2 433402836 3145 31 458 434445220 2222 29 6016 00020180 00116
2 433403460 2227 31 5624 434445476 2570 29 853 00020179 00118
2 433403316 2288 31 686 434444916 2799 29 925 00020179 00118
2 433403108 2521 31 1283 434445844 3132 29 679 00020175 00116
2 433403220 2355 31 774 434445812 2538 29 7426 00020176 00116
2 433403220 2370 31 426 434445108 3282 28 537 00020178 00116
2 433403604 2317 31 3106 434446244 2262 28 1773 00020177 00116
2 433402884 2824 31 3817 434445748 2046 29 3735 00020175 00116
2 433404532 2281 31 4434 434445332 2781 29 712 00020177 00116
2 433402900 2441 31 1857 434444804 2361 29 1272 00020179 00118
2 433403044 3029 31 1463 434444980 2335 29 1246 00020177 00118
2 433402372 2243 31 1169 434445476 2537 29 643 00020175 00120
2 433403156 2635 31 3808 434445668 2472 29 1408 00020178 00117
2 433403300 2672 31 1371 434445508 2360 29 6560 00020175 00116
2 433403636 2221 31 1232 434444804 2391 29 1402 00020178 00117
2 433403236 2957 31 1079 434445460 2314 29 3228 00020176 00117
2 433403460 2334 31 672 434445108 2319 29 329 00020178 00119
2 433402900 2572 31 1684 434445108 2632 29 325 00020175 00117
2 433402996 2668 31 1219 434444948 3163 29 1145 00020177 00117
2 433402996 2596 31 507 434445508 2282 29 712 00020178 00118
2 433403044 2256 31 942 434446068 2637 29 8206 00020177 00117
2 433402404 2304 31 1706 434445668 2765 29 521 00020174 00120
2 433402500 2285 31 1272 434445396 2846 29 575 00020177 00118
2 433403684 2385 31 1499 434445940 2305 29 6589 00020176 00119
2 433403188 3045 31 946 434445332 2304 29 594 00020175 00117
2 433403364 2307 31 1245 434446148 2223 29 703 00020178 00117
2 433403924 2858 31 2229 434445460 2368 29 448 00020179 00116
2 433403972 2852 31 2843 434445412 2354 29 2221 00020177 00116
2 433403252 2511 31 1189 434447012 2274 29 5102 00020173 00117
2 433403172 2368 31 2388 434444852 2865 29 341 00020179 00116
2 433403764 2323 31 1974 434444452 2255 29 1203 00020177 00116
2 433402756 2261 31 2888 434444996 2534 29 1828 00020177 00118
2 433402692 2819 31 4698 434445652 2554 29 1794 00020177 00116
2 433402900 2619 31 1480 434445188 2298 29 876 00020175 00117
2 433404180 2273 31 1386 434445012 2419 29 375 00020177 00117
2 433403348 2353 31 565 434445844 2919 29 883 00020177 00116
2 433403076 2871 31 1733 434444596 2221 29 1409 00020177 00116
2 433403156 2323 31 1105 434445828 2499 29 228 00020175 00116
2 433402644 2342 31 2653 434445572 2229 29 396 00020178 00119
2 433402804 2602 31 4400 434444660 2238 29 1147 00020177 00118
2 433402836 2255 31 1245 434445492 3319 28 283 00020179 00116
2 433403444 2802 31 578 434445972 2447 28 1243 00020177 00117
2 433403524 2502 31 957 434445380 2664 28 288 00020178 00121
2 433403364 2257 31 674 434445700 2115 29 423 00020176 00116
2 433403412 2648 31 869 434445300 2176 30 4286 00020175 00118
2 433403556 2374 31 4125 434445604 2538 30 698 00020177 00117
2 433403828 2419 31 1437 434445748 2486 30 399 00020177 00118
2 433403428 2271 31 700 434445396 2611 30 2444 00020178 00117
2 433403284 2847 31 1116 434445700 2933 30 5042 00020179 00117
2 433403396 2216 31 596 434444756 3101 30 356 00020178 00116
2 433404100 2949 31 4611 434445844 3314 29 1361 00020180 00116
2 433402436 2361 31 2882 434444740 2390 29 1287 00020177 00117
2 433403396 2226 31 481 434444676 2306 29 805 00020177 00118
2 433402516 2804 31 3618 434445508 2396 29 675 00020181 00117
2 433403332 2257 31 563 434444852 2264 29 1301 00020176 00117
2 433402724 2740 31 8901 434445108 2452 29 638 00020178 00118
2 433404004 2485 31 3955 434445188 2403 29 946 00020177 00116
2 433402740 2819 31 2863 434445812 2303 29 1138 00020176 00116
2 433403348 2260 31 1867 434445236 2307 29 945 00020176 00116
2 433402596 3043 31 2731 434445156 2536 29 918 00020179 00116
2 433403252 2298 31 926 434445796 3030 29 931 00020180 00118
2 433402644 2089 31 1195 434445428 2237 29 816 00020178 00116
2 433403684 1988 31 1937 434445700 2670 29 1077 00020179 00117
2 433403460 2144 31 4434 434445556 2239 29 984 00020183 00118
2 433403396 2034 31 1189 434446212 2407 29 1490 00020180 00118
2 433403204 2045 31 5458 434444884 2149 30 1731 00020177 00116
2 433403732 2591 31 3319 434444948 2323 30 386 00020180 00116
