2 433996228 2899 31 47 434552948 3139 30 39 00020178 00116
2 433996244 2903 31 91 434553140 3131 30 35 00020176 00116
2 433996164 2909 31 59 434553012 3138 30 67 00020177 00116
2 433996180 2907 31 66 434553012 3134 30 59 00020177 00116
2 433996276 2905 31 50 434552852 3140 30 62 00020181 00116
2 433996260 2906 31 23 434552804 3152 30 45 00020182 00116
2 433996116 2909 31 63 434552964 3142 30 68 00020178 00116
2 433996324 2907 31 42 434552996 3148 30 128 00020180 00116
2 433996276 2902 31 40 434552692 3142 30 43 00020178 00116
2 433996212 2907 31 43 434553108 3129 30 57 00020181 00116
2 433996372 2909 31 44 434553044 3144 30 101 00020178 00116
2 433996228 2911 31 49 434552884 3135 30 51 00020181 00116
2 433996484 2905 31 34 434552980 3141 30 97 00020178 00116
2 433996244 2910 31 59 434553028 3145 30 86 00020183 00116
2 433996452 2917 31 33 434552964 3135 30 48 00020178 00116
2 433996404 2914 31 73 434553028 3138 30 96 00020181 00116
2 433996516 2916 31 28 434553236 3134 30 66 00020178 00116
2 433996308 2907 31 41 434552900 3146 30 49 00020180 00116
2 433996340 2914 31 58 434553012 3131 30 82 00020180 00116
2 433996436 2914 31 54 434553028 3133 30 69 00020181 00116
2 433996404 2910 31 50 434552868 3142 30 98 00020179 00116
2 433996324 2906 31 30 434552756 3144 30 45 00020178 00116
2 433996372 2908 31 38 434553028 3135 30 100 00020180 00116
2 433996244 2902 31 23 434552948 3143 30 57 00020178 00116
2 433996260 2907 31 43 434552900 3144 30 99 00020182 00116
2 433996404 2904 31 21 434552804 3139 30 43 00020178 00116
2 433996388 2912 31 42 434553060 3138 30 66 00020179 00116
2 433996420 2907 31 46 434552948 3138 30 71 00020178 00116
2 433996372 2910 31 82 434552948 3144 30 91 00020176 00116
2 433996356 2913 31 65 434552948 3135 30 57 00020179 00116
2 433996420 2910 31 60 434552836 3142 30 66 00020176 00116
2 433996404 2908 31 32 434553076 3136 30 53 00020179 00116
2 433996420 2909 31 37 434553108 3138 30 88 00020179 00116
2 433996516 2910 31 87 434553060 3131 30 50 00020180 00116
2 433996420 2911 31 57 434552772 3134 30 45 00020182 00116
2 433996308 2903 31 38 434552916 3135 30 134 00020178 00116
2 433996388 2916 31 56 434553188 3147 30 79 00020178 00116
2 433996420 2913 31 71 434553076 3135 30 76 00020180 00116
2 433996452 2909 31 29 434552964 3141 30 69 00020179 00116
2 433996308 2908 31 57 434552980 3143 30 59 00020179 00116
2 433996484 2915 31 44 434552916 3142 30 97 00020184 00116
2 433996452 2908 31 98 434553044 3139 30 51 00020181 00116
2 433996452 2910 31 61 434553060 3142 30 97 00020180 00116
2 433996404 2913 31 93 434553092 3136 30 53 00020180 00116
2 433996548 2914 31 74 434553028 3134 30 98 00020181 00116
2 433996404 2918 31 47 434553012 3146 30 67 00020177 00116
2 433996724 2919 31 46 434553028 3137 30 43 00020181 00116
2 433996372 2911 31 83 434552884 3134 30 40 00020179 00116
2 433996612 2904 31 35 434552900 3150 30 96 00020181 00116
2 433996468 2910 31 55 434552996 3139 30 48 00020181 00116
2 433996356 2907 31 41 434553012 3134 30 74 00020181 00116
2 433996532 2913 31 71 434553092 3141 30 82 00020181 00116
2 433996452 2905 31 86 434552852 3145 30 81 00020180 00116
2 433996468 2909 31 71 434553124 3138 30 91 00020180 00116
2 433996516 2901 31 31 434552980 3135 30 69 00020181 00116
2 433996468 2913 31 62 434552996 3138 30 75 00020182 00116
2 433996452 2911 31 74 434553012 3141 30 74 00020179 00116
2 433996452 2900 31 23 434552916 3133 30 31 00020180 00116
2 433996564 2909 31 35 434553028 3135 30 108 00020181 00116
2 433996612 2910 31 38 434552916 3144 30 42 00020182 00116
2 433996420 2915 31 77 434552836 3138 30 62 00020179 00116
2 433996452 2908 31 46 434553076 3130 30 86 00020180 00116
2 433996372 2899 31 31 434552788 3140 30 56 00020182 00116
2 433996324 2914 31 66 434552964 3134 30 72 00020181 00116
2 433996532 2920 31 52 434552900 3134 30 39 00020180 00116
2 433996612 2914 31 38 434553108 3144 30 79 00020183 00116
2 433996452 2913 31 22 434553284 3130 30 56 00020181 00116
2 433996500 2906 31 54 434552820 3138 30 41 00020183 00116
2 433996516 2904 31 23 434552900 3136 30 59 00020181 00116
2 433996596 2907 31 28 434552964 3147 30 93 00020182 00116
2 433996580 2908 31 76 434553204 3134 30 46 00020181 00116
2 433996420 2914 31 34 434553012 3129 30 52 00020182 00117
2 433996580 2910 31 31 434553092 3147 30 65 00020180 00116
2 433996580 2905 31 28 434552884 3134 30 53 00020181 00116
2 433996452 2913 31 70 434553012 3138 30 44 00020183 00116
2 433996468 2912 31 75 434552884 3135 30 38 00020182 00116
2 433996676 2910 31 39 434553012 3132 30 39 00020182 00116
2 433996516 2911 31 65 434552884 3146 30 63 00020183 00116
2 433996500 2906 31 47 434553012 3132 30 64 00020181 00116
2 433996612 2911 31 39 434552980 3135 30 48 00020182 00116
2 433996548 2904 31 37 434552804 3138 30 56 00020179 00116
2 433996564 2915 31 52 434553092 3130 30 82 00020180 00116
2 433996596 2915 31 49 434552868 3135 30 47 00020178 00116
2 433996468 2904 31 38 434552932 3140 30 45 00020184 00116
2 433996660 2919 31 42 434552996 3139 30 95 00020182 00116
2 433996660 2916 31 46 434553044 3138 30 85 00020183 00116
2 433996724 2911 31 57 434553076 3137 30 37 00020181 00116
2 433996644 2905 31 15 434552916 3143 30 59 00020180 00116
2 433996708 2912 31 39 434553012 3135 30 76 00020182 00116
2 433996548 2906 31 31 434553044 3130 30 98 00020182 00116
2 433996564 2909 31 58 434553060 3142 30 118 00020182 00116
2 433996820 2917 31 28 434553044 3139 30 91 00020183 00116
2 433996628 2907 31 44 434552884 3134 30 58 00020182 00116
2 433996724 2918 31 53 434553204 3128 30 50 00020179 00116
2 433996660 2912 31 22 434552996 3136 30 110 00020182 00116
2 433996868 2913 31 37 434553060 3134 30 40 00020181 00117
2 433996628 2911 31 51 434552916 3140 30 27 00020182 00116
2 433996676 2922 31 46 434552948 3139 30 27 00020182 00116
2 433996596 2910 31 68 434552964 3140 30 56 00020183 00116
2 433996564 2907 31 53 434552836 3135 30 61 00020185 00116
2 433996660 2912 31 58 434552964 3138 30 51 00020180 00116
2 433996628 2905 31 32 434553028 3132 30 45 00020182 00116
2 433996548 2913 31 46 434553028 3146 30 62 00020180 00116
2 433996772 2920 31 45 434552900 3143 30 93 00020181 00116
2 433996628 2904 31 20 434552884 3146 30 76 00020181 00116
2 433996788 2911 31 13 434553092 3129 30 66 00020180 00116
2 433996580 2918 31 43 434552916 3141 30 55 00020180 00116
2 433996708 2906 31 35 434553028 3140 30 85 00020180 00116
2 433996628 2909 31 38 434553092 3135 30 84 00020179 00116
2 433996708 2910 31 45 434553028 3134 30 33 00020180 00116
2 433996644 2910 31 39 434552916 3138 30 56 00020179 00116
2 433996692 2911 31 23 434552900 3134 30 88 00020180 00116
2 433996708 2913 31 55 434553108 3136 30 65 00020185 00116
2 433996692 2911 31 42 434553044 3134 30 54 00020180 00116
2 433996740 2914 31 66 434553156 3123 30 62 00020180 00116
2 433996628 2918 31 52 434553204 3131 30 76 00020182 00116
2 433996596 2912 31 34 434552900 3135 30 63 00020185 00116
2 433996724 2908 31 37 434552996 3133 30 58 00020181 00116
2 433996596 2914 31 38 434552836 3136 30 38 00020182 00116
2 433996660 2901 31 13 434552900 3130 30 25 00020185 00116
2 433996660 2912 31 41 434553092 3136 30 59 00020179 00116
2 433996804 2909 31 46 434553124 3132 30 60 00020180 00116
2 433996708 2917 31 40 434553140 3131 30 69 00020181 00116
2 433996756 2909 31 33 434552884 3130 30 31 00020186 00116
2 433996692 2914 31 48 434553044 3140 30 72 00020184 00116
2 433996884 2918 31 34 434553284 3126 30 85 00020181 00117
2 433996644 2919 31 71 434552996 3127 30 74 00020185 00116
2 433996900 2917 31 36 434553012 3137 30 65 00020181 00116
2 433996820 2910 31 43 434553028 3130 30 34 00020182 00116
2 433996756 2911 31 52 434553060 3132 30 58 00020182 00116
2 433996804 2917 31 47 434553092 3133 30 66 00020182 00116
2 433996772 2904 31 44 434552916 3135 30 44 00020184 00116
2 433996820 2909 31 44 434553028 3127 30 13 00020185 00116
2 433996852 2912 31 24 434553172 3130 30 100 00020183 00116
2 433996708 2911 31 52 434552996 3140 30 125 00020182 00116
2 433996788 2919 31 26 434552980 3129 30 52 00020179 00116
2 433996804 2908 31 33 434553172 3137 30 117 00020185 00116
2 433996836 2904 31 27 434552852 3138 30 50 00020180 00116
2 433996692 2908 31 61 434552900 3133 30 65 00020179 00116
2 433996820 2912 31 22 434553204 3132 30 55 00020180 00116
2 433996788 2908 31 24 434552932 3132 30 55 00020182 00116
2 433996804 2907 31 33 434552852 3136 30 92 00020183 00116
2 433996804 2920 31 65 434553028 3136 30 91 00020182 00116
2 433996804 2908 31 32 434552916 3128 30 41 00020181 00116
2 433996740 2927 31 46 434553092 3128 30 89 00020182 00116
2 433996708 2910 31 24 434553140 3137 30 44 00020182 00116
2 433996916 2915 31 26 434553012 3129 30 62 00020181 00116
2 433996804 2914 31 23 434552996 3132 30 121 00020182 00116
2 433996804 2913 31 43 434553012 3131 30 35 00020182 00116
2 433996772 2914 31 29 434553028 3130 30 61 00020180 00116
2 433996708 2910 31 28 434553092 3131 30 75 00020184 00116
2 433996676 2913 31 39 434552916 3135 30 55 00020183 00116
2 433996804 2913 31 44 434552900 3131 30 38 00020181 00116
2 433996772 2911 31 72 434552852 3135 30 34 00020183 00116
2 433996836 2913 31 35 434553172 3138 30 48 00020180 00116
2 433996788 2902 31 19 434552980 3132 30 43 00020184 00116
2 433996868 2914 31 32 434553108 3139 30 103 00020183 00116
2 433996900 2911 31 35 434552964 3132 30 59 00020182 00116
2 433996804 2910 31 16 434553060 3128 30 78 00020184 00116
2 433996836 2913 31 57 434553092 3135 30 120 00020184 00116
2 433996964 2910 31 30 434553124 3131 30 44 00020181 00116
2 433996836 2909 31 28 434552964 3133 30 76 00020181 00116
2 433996836 2907 31 31 434552788 3147 30 52 00020181 00116
2 433996884 2912 31 69 434553188 3133 30 65 00020183 00116
2 433996948 2920 31 22 434552996 3139 30 68 00020182 00116
