%Type ZVL-6 
%Version 3.20 
%Date 23.Nov 19 
%Mode ANALYZER 
%Center Freq 433500000.000000 Hz
%Freq Offset 0.000000 Hz
%Span 17000000.000000 Hz
%x-Axis LIN 
%Start 425000000.000000 Hz
%Stop 442000000.000000 Hz
%Ref Level 20.000000 dBm
%Level Offset 0.000000 dB
%Ref Position 100.000000 %
%y-Axis LOG 
%Level Range 100.000000 dB
%Rf Att 30.000000 dB
%RBW 100000.000000 Hz
%VBW 300000.000000 Hz
%SWT 0.002500 s
%Trace Mode MAXHOLD 
%Detector MAXPEAK 
%Sweep Count 0 
%Trace 1:  
%x-Unit Hz 
%y-Unit dBm 
%Preamplifier OFF 
%Transducer OFF 
%Values 501 
425000000 -46.104072570800781 
425034000 -46.178478240966797 
425068000 -48.869319915771484 
425102000 -49.131221771240234 
425136000 -49.322998046875 
425170000 -47.599140167236328 
425204000 -46.780971527099609 
425238000 -46.714748382568359 
425272000 -47.351654052734375 
425306000 -49.020317077636719 
425340000 -47.321922302246094 
425374000 -45.983501434326172 
425408000 -45.909629821777344 
425442000 -48.167533874511719 
425476000 -47.138584136962891 
425510000 -47.548049926757813 
425544000 -47.515560150146484 
425578000 -47.497867584228516 
425612000 -47.212394714355469 
425646000 -47.124210357666016 
425680000 -46.113300323486328 
425714000 -46.882633209228516 
425748000 -47.81536865234375 
425782000 -47.331058502197266 
425816000 -48.773605346679688 
425850000 -47.144222259521484 
425884000 -46.618137359619141 
425918000 -46.660373687744141 
425952000 -47.515678405761719 
425986000 -47.795833587646484 
426020000 -47.599372863769531 
426054000 -46.684803009033203 
426088000 -47.00567626953125 
426122000 -47.685699462890625 
426156000 -48.096092224121094 
426190000 -47.52447509765625 
426224000 -45.040733337402344 
426258000 -45.043113708496094 
426292000 -47.163192749023438 
426326000 -47.064868927001953 
426360000 -46.651374816894531 
426394000 -45.928256988525391 
426428000 -46.567897796630859 
426462000 -48.307941436767578 
426496000 -48.390163421630859 
426530000 -46.314289093017578 
426564000 -46.013511657714844 
426598000 -46.923530578613281 
426632000 -46.455375671386719 
426666000 -48.201133728027344 
426700000 -47.317668914794922 
426734000 -46.982662200927734 
426768000 -46.875194549560547 
426802000 -47.799709320068359 
426836000 -48.132213592529297 
426870000 -48.068531036376953 
426904000 -46.022106170654297 
426938000 -45.999641418457031 
426972000 -46.344924926757813 
427006000 -48.889225006103516 
427040000 -47.626941680908203 
427074000 -46.341434478759766 
427108000 -46.247051239013672 
427142000 -48.347938537597656 
427176000 -46.84490966796875 
427210000 -46.548000335693359 
427244000 -46.685214996337891 
427278000 -46.236713409423828 
427312000 -45.993869781494141 
427346000 -45.707878112792969 
427380000 -44.635990142822266 
427414000 -44.31549072265625 
427448000 -44.007820129394531 
427482000 -43.960987091064453 
427516000 -44.066448211669922 
427550000 -43.834808349609375 
427584000 -43.40045166015625 
427618000 -43.6326904296875 
427652000 -42.836128234863281 
427686000 -42.630813598632813 
427720000 -43.149177551269531 
427754000 -41.650028228759766 
427788000 -41.669658660888672 
427822000 -41.948825836181641 
427856000 -41.112483978271484 
427890000 -40.859020233154297 
427924000 -40.535900115966797 
427958000 -40.426990509033203 
427992000 -40.6217041015625 
428026000 -39.752414703369141 
428060000 -39.636501312255859 
428094000 -39.135967254638672 
428128000 -38.428966522216797 
428162000 -38.376411437988281 
428196000 -38.139236450195313 
428230000 -37.568489074707031 
428264000 -37.475704193115234 
428298000 -36.715599060058594 
428332000 -35.988368988037109 
428366000 -35.432945251464844 
428400000 -35.055599212646484 
428434000 -34.036403656005859 
428468000 -33.608474731445313 
428502000 -32.949131011962891 
428536000 -32.363754272460937 
428570000 -32.207439422607422 
428604000 -32.346553802490234 
428638000 -31.810232162475586 
428672000 -31.56501579284668 
428706000 -31.389984130859375 
428740000 -30.48516845703125 
428774000 -30.381999969482422 
428808000 -29.982376098632813 
428842000 -29.559255599975586 
428876000 -29.261102676391602 
428910000 -28.88330078125 
428944000 -28.614383697509766 
428978000 -28.245925903320313 
429012000 -27.843694686889648 
429046000 -27.285541534423828 
429080000 -27.086246490478516 
429114000 -26.633930206298828 
429148000 -25.698324203491211 
429182000 -25.417404174804688 
429216000 -24.343132019042969 
429250000 -24.322031021118164 
429284000 -23.880361557006836 
429318000 -23.375123977661133 
429352000 -22.725019454956055 
429386000 -21.916715621948242 
429420000 -21.656400680541992 
429454000 -20.852813720703125 
429488000 -19.76763916015625 
429522000 -19.16288948059082 
429556000 -18.265182495117188 
429590000 -17.134174346923828 
429624000 -16.765785217285156 
429658000 -15.736392974853516 
429692000 -14.159912109375 
429726000 -13.169571876525879 
429760000 -11.538483619689941 
429794000 -9.3766727447509766 
429828000 -5.9709324836730957 
429862000 -3.2506306171417236 
429896000 0.95263659954071045 
429930000 5.1615180969238281 
429964000 7.3288745880126953 
429998000 7.5321445465087891 
430032000 7.5299639701843262 
430066000 7.5361490249633789 
430100000 7.5297918319702148 
430134000 7.5261545181274414 
430168000 7.5310759544372559 
430202000 7.5308995246887207 
430236000 7.5243477821350098 
430270000 7.5223474502563477 
430304000 7.5227169990539551 
430338000 7.5382285118103027 
430372000 7.5480632781982422 
430406000 7.5482521057128906 
430440000 7.5567789077758789 
430474000 7.5715842247009277 
430508000 7.5885796546936035 
430542000 7.6097745895385742 
430576000 7.6211838722229004 
430610000 7.6428499221801758 
430644000 7.6706771850585938 
430678000 7.6996917724609375 
430712000 7.7200722694396973 
430746000 7.7383904457092285 
430780000 7.7572784423828125 
430814000 7.783501148223877 
430848000 7.8237886428833008 
430882000 7.8452367782592773 
430916000 7.8781294822692871 
430950000 7.8947148323059082 
430984000 7.946077823638916 
431018000 7.956242561340332 
431052000 8.0142087936401367 
431086000 8.0352783203125 
431120000 8.0530109405517578 
431154000 8.0841798782348633 
431188000 8.1135683059692383 
431222000 8.1408004760742187 
431256000 8.1684989929199219 
431290000 8.1795568466186523 
431324000 8.1981363296508789 
431358000 8.2166738510131836 
431392000 8.2371864318847656 
431426000 8.2488889694213867 
431460000 8.2678661346435547 
431494000 8.2835292816162109 
431528000 8.2938432693481445 
431562000 8.3064737319946289 
431596000 8.3137121200561523 
431630000 8.3274240493774414 
431664000 8.3366785049438477 
431698000 8.3401966094970703 
431732000 8.34814453125 
431766000 8.3542404174804687 
431800000 8.3527688980102539 
431834000 8.35406494140625 
431868000 8.3688201904296875 
431902000 8.3728771209716797 
431936000 8.38153076171875 
431970000 8.4004611968994141 
432004000 8.4004650115966797 
432038000 7.5282444953918457 
432072000 4.5275444984436035 
432106000 -1.6454141139984131 
432140000 -2.704582691192627 
432174000 -7.1059536933898926 
432208000 -10.26630973815918 
432242000 -11.92284107208252 
432276000 -13.141901016235352 
432310000 -14.022531509399414 
432344000 -14.443698883056641 
432378000 -15.787505149841309 
432412000 -16.389932632446289 
432446000 -16.802310943603516 
432480000 -17.746681213378906 
432514000 -17.575395584106445 
432548000 -17.099872589111328 
432582000 -16.711748123168945 
432616000 -15.497739791870117 
432650000 -14.878364562988281 
432684000 -14.02082347869873 
432718000 -12.411880493164063 
432752000 -11.138344764709473 
432786000 -10.542194366455078 
432820000 -6.4952468872070313 
432854000 -4.3556013107299805 
432888000 1.4234045743942261 
432922000 5.3109245300292969 
432956000 7.818580150604248 
432990000 8.5457639694213867 
433024000 8.5560722351074219 
433058000 8.5615930557250977 
433092000 8.568028450012207 
433126000 8.5803308486938477 
433160000 8.5702419281005859 
433194000 8.5693292617797852 
433228000 8.5728206634521484 
433262000 8.5719089508056641 
433296000 8.5630950927734375 
433330000 8.5559320449829102 
433364000 8.5533628463745117 
433398000 8.5566778182983398 
433432000 8.5496921539306641 
433466000 8.5321941375732422 
433500000 8.5266647338867187 
433534000 8.5248231887817383 
433568000 8.5120820999145508 
433602000 8.4982128143310547 
433636000 8.4774560928344727 
433670000 8.4848814010620117 
433704000 8.4703550338745117 
433738000 8.4420919418334961 
433772000 8.4406356811523437 
433806000 8.4109926223754883 
433840000 8.3933801651000977 
433874000 8.3762845993041992 
433908000 8.3504819869995117 
433942000 8.3414363861083984 
433976000 8.3242387771606445 
434010000 8.2934513092041016 
434044000 8.2695074081420898 
434078000 8.2340917587280273 
434112000 8.2106466293334961 
434146000 8.1829032897949219 
434180000 8.1559982299804687 
434214000 8.1262302398681641 
434248000 8.0946168899536133 
434282000 8.0709657669067383 
434316000 8.0388431549072266 
434350000 8.0190744400024414 
434384000 7.9963202476501465 
434418000 7.9775595664978027 
434452000 7.9510021209716797 
434486000 7.9265871047973633 
434520000 7.9094047546386719 
434554000 7.8832025527954102 
434588000 7.8766422271728516 
434622000 7.8627738952636719 
434656000 7.8452215194702148 
434690000 7.831667423248291 
434724000 7.8186445236206055 
434758000 7.8155274391174316 
434792000 7.7888550758361816 
434826000 7.7838835716247559 
434860000 7.773188591003418 
434894000 7.7462005615234375 
434928000 7.736572265625 
434962000 7.7155838012695313 
434996000 7.7023048400878906 
435030000 7.5442705154418945 
435064000 5.6210856437683105 
435098000 -0.38728490471839905 
435132000 -2.4631431102752686 
435166000 -5.964261531829834 
435200000 -8.8886051177978516 
435234000 -11.287065505981445 
435268000 -12.501700401306152 
435302000 -14.281394958496094 
435336000 -15.465701103210449 
435370000 -15.895090103149414 
435404000 -16.617284774780273 
435438000 -17.528995513916016 
435472000 -18.392284393310547 
435506000 -18.902980804443359 
435540000 -19.862495422363281 
435574000 -20.144462585449219 
435608000 -20.845466613769531 
435642000 -21.362054824829102 
435676000 -21.837997436523438 
435710000 -22.309774398803711 
435744000 -22.582794189453125 
435778000 -23.028047561645508 
435812000 -23.140951156616211 
435846000 -23.568380355834961 
435880000 -24.070247650146484 
435914000 -24.418935775756836 
435948000 -24.935657501220703 
435982000 -25.129203796386719 
436016000 -25.417348861694336 
436050000 -25.598777770996094 
436084000 -25.627237319946289 
436118000 -26.105792999267578 
436152000 -26.299140930175781 
436186000 -26.524463653564453 
436220000 -26.906497955322266 
436254000 -26.978269577026367 
436288000 -27.239370346069336 
436322000 -27.772590637207031 
436356000 -27.639450073242187 
436390000 -28.144472122192383 
436424000 -28.104413986206055 
436458000 -27.945892333984375 
436492000 -28.374214172363281 
436526000 -28.101282119750977 
436560000 -28.345556259155273 
436594000 -28.13578987121582 
436628000 -27.686397552490234 
436662000 -27.775680541992187 
436696000 -26.804140090942383 
436730000 -26.776435852050781 
436764000 -26.437938690185547 
436798000 -26.086122512817383 
436832000 -25.868173599243164 
436866000 -25.511117935180664 
436900000 -25.625480651855469 
436934000 -25.154701232910156 
436968000 -24.987026214599609 
437002000 -24.771541595458984 
437036000 -24.485105514526367 
437070000 -23.669145584106445 
437104000 -23.463104248046875 
437138000 -22.949951171875 
437172000 -22.780941009521484 
437206000 -22.156782150268555 
437240000 -22.087364196777344 
437274000 -21.478906631469727 
437308000 -21.135343551635742 
437342000 -20.64759635925293 
437376000 -20.192836761474609 
437410000 -19.625755310058594 
437444000 -19.194297790527344 
437478000 -18.75786018371582 
437512000 -17.739017486572266 
437546000 -16.982656478881836 
437580000 -16.441390991210938 
437614000 -15.548436164855957 
437648000 -14.731405258178711 
437682000 -13.717120170593262 
437716000 -12.915059089660645 
437750000 -11.441317558288574 
437784000 -10.618483543395996 
437818000 -7.5450606346130371 
437852000 -4.8193283081054687 
437886000 -2.2424359321594238 
437920000 3.7875893115997314 
437954000 7.5202479362487793 
437988000 8.8615541458129883 
438022000 8.8663511276245117 
438056000 8.8785552978515625 
438090000 8.8801937103271484 
438124000 8.8860883712768555 
438158000 8.9056568145751953 
438192000 8.9152250289916992 
438226000 8.928466796875 
438260000 8.9374580383300781 
438294000 8.9418430328369141 
438328000 8.9548606872558594 
438362000 8.9740915298461914 
438396000 8.9676456451416016 
438430000 8.971282958984375 
438464000 8.9778499603271484 
438498000 8.9931907653808594 
438532000 8.9885892868041992 
438566000 8.9962377548217773 
438600000 9.0066194534301758 
438634000 9.0102405548095703 
438668000 9.0085687637329102 
438702000 9.0200281143188477 
438736000 9.0136165618896484 
438770000 9.0199689865112305 
438804000 9.0257701873779297 
438838000 9.0255584716796875 
438872000 9.022068977355957 
438906000 9.0316896438598633 
438940000 9.0258340835571289 
438974000 9.0278072357177734 
439008000 9.0357866287231445 
439042000 9.0479240417480469 
439076000 9.0441837310791016 
439110000 9.0452680587768555 
439144000 9.0661725997924805 
439178000 9.0507726669311523 
439212000 9.0618581771850586 
439246000 9.0575695037841797 
439280000 9.0573549270629883 
439314000 9.051025390625 
439348000 9.0661821365356445 
439382000 9.0678176879882812 
439416000 9.0759239196777344 
439450000 9.07958984375 
439484000 9.0756797790527344 
439518000 9.0920848846435547 
439552000 9.0913181304931641 
439586000 9.0988492965698242 
439620000 9.1028738021850586 
439654000 9.0998973846435547 
439688000 9.1002368927001953 
439722000 9.0972576141357422 
439756000 9.0975961685180664 
439790000 9.1030950546264648 
439824000 9.1133785247802734 
439858000 9.1028528213500977 
439892000 9.0932378768920898 
439926000 9.0989236831665039 
439960000 9.106633186340332 
439994000 9.095916748046875 
440028000 9.0973625183105469 
440062000 7.8585968017578125 
440096000 3.5802972316741943 
440130000 -0.27285552024841309 
440164000 -5.0110225677490234 
440198000 -7.8895964622497559 
440232000 -9.0136051177978516 
440266000 -11.031525611877441 
440300000 -12.43475341796875 
440334000 -13.196791648864746 
440368000 -14.294974327087402 
440402000 -15.111167907714844 
440436000 -16.264604568481445 
440470000 -16.978408813476562 
440504000 -17.678152084350586 
440538000 -18.186553955078125 
440572000 -18.649307250976563 
440606000 -19.435403823852539 
440640000 -20.175899505615234 
440674000 -19.992679595947266 
440708000 -21.000694274902344 
440742000 -21.071620941162109 
440776000 -21.412942886352539 
440810000 -22.074239730834961 
440844000 -22.486660003662109 
440878000 -22.60772705078125 
440912000 -23.170295715332031 
440946000 -23.709497451782227 
440980000 -24.551284790039063 
441014000 -24.274913787841797 
441048000 -24.434932708740234 
441082000 -24.692989349365234 
441116000 -25.423175811767578 
441150000 -25.75482177734375 
441184000 -26.305450439453125 
441218000 -25.034250259399414 
441252000 -26.592832565307617 
441286000 -25.715898513793945 
441320000 -25.63673210144043 
441354000 -26.134838104248047 
441388000 -27.03331184387207 
441422000 -27.929441452026367 
441456000 -26.745555877685547 
441490000 -28.301761627197266 
441524000 -27.844869613647461 
441558000 -28.120418548583984 
441592000 -27.849117279052734 
441626000 -29.070716857910156 
441660000 -28.040107727050781 
441694000 -27.811183929443359 
441728000 -28.179508209228516 
441762000 -28.372005462646484 
441796000 -29.783737182617188 
441830000 -28.65587043762207 
441864000 -28.301900863647461 
441898000 -29.972654342651367 
441932000 -30.902986526489258 
441966000 -30.916372299194336 
442000000 -30.620361328125 
